2 0.8752519648648105 0.4923146476070249 0.8523717257433094 0.4905986662503989 0.8492063426261101 0.5328046741146608 0.8720865817476111 0.5345206554712869
2 0.16128511533540035 0.07606793756798516 0.032844532927700516 0.03863540639013679 -0.00038377122999774804 0.15265021127088643 0.1280568111777021 0.1900827424487348
2 0.6777774266942742 0.2308622303383808 0.6746979864364242 0.19801212386821496 0.6524401694350171 0.20009861992837968 0.6555196096928672 0.23294872639854552
2 0.14360124247291212 0.5321369762202358 0.13569158819844568 0.5009883935271915 0.11092336576150404 0.5072778635297236 0.11883302003597047 0.5384264462227678
2 0.999305249513934 0.03333294930875586 3.069172278524413e-17 0.0333329493087558 8.799312993219199e-17 0.9691359447004609 0.999305249513934 0.9691359447004609
2 0.3569737476628848 0.08827453432682578 0.3291992078159198 0.08697200274962995 0.3269856608679578 0.13417258428306106 0.35476020071492276 0.13547511586025687
2 0.5860598381738601 0.3379431330911672 0.5596993752592812 0.3297045535454578 0.5460756416553678 0.37329555396386055 0.5724361045699469 0.3815341335095699
2 0.65527142685898 0.18949834889399947 0.6535112605311324 0.1550914721767139 0.6341174272704395 0.1560836102470728 0.6358775935982872 0.19049048696435836
2 0.47092400505267473 0.14143863441333862 0.4447360986803533 0.11816096470175234 0.41837639617154954 0.14781622787267037 0.444564302543871 0.17109389758425664
3 0.7622805464573474 0.15081612721688717 0.7402723019648956 0.1293891602383149 0.698634635133114 0.17215638681991702 0.7206428796255657 0.1935833537984893
3 0.5053397797177135 0.9312247224464862 0.4802447058064393 0.9303939918517438 0.47902152442389073 0.9673443911703924 0.5041165983351649 0.9681751217651348
3 0.8548779753041696 0.22809900577361214 0.8291264876752692 0.2266498395531112 0.826858573646571 0.2669503649360753 0.8526100612754715 0.2683995311565763
3 0.7048379146669862 0.24027696066335355 0.6849156802745255 0.2331456249313554 0.6731638303436929 0.2659758151882191 0.6930860647361535 0.2731071509202173
3 0.8687498379779649 0.06666705069124435 0.8416668826960466 0.06666705069124435 0.8416668826960466 0.116049539170507 0.8687498379779649 0.116049539170507
3 0.6506947504860661 0.31604953917050704 0.6152780298120544 0.31604953917050704 0.6152780298120544 0.37160483870967753 0.6506947504860661 0.37160483870967753
3 0.5123057134222749 0.5310832423714472 0.507103105919666 0.4817478165735506 0.47812852131545514 0.4848032962579536 0.4833311288180641 0.5341387220558502
3 0.39861114711600776 0.10493778801843323 0.3722222942320156 0.10493778801843323 0.3722222942320156 0.15555529953917055 0.39861114711600776 0.15555529953917055
3 0.4084582099461821 0.40080804070735293 0.39982432003715157 0.34453351317435776 0.3704026126207999 0.3490475232230348 0.37903650252983045 0.40532205075602984
3 0.2659721322099806 0.43580299539170503 0.24722229423201564 0.43580299539170503 0.24722229423201564 0.4716048387096775 0.2659721322099806 0.4716048387096775
3 0.35625016202203497 0.08641935483870973 0.3270836033700583 0.08641935483870973 0.3270836033700583 0.1358029953917051 0.35625016202203497 0.1358029953917051
3 0.490799501301775 0.4064802451003457 0.4565100354166665 0.3871922316534348 0.43123527691786856 0.43212469562564826 0.46552474280297707 0.4514127090725591
3 0.37499580899267343 0.40488966606633703 0.37163546566370015 0.3630722838011765 0.34492339362818225 0.36521880106757143 0.34828373695715553 0.407036183332732
3 0.5513888528839923 0.40370391705069125 0.525 0.40370391705069125 0.525 0.4432096774193549 0.5513888528839923 0.4432096774193549
3 0.8347276461240891 0.44806284692319814 0.7908841971294542 0.445161472201578 0.7851569562439947 0.5317073401897756 0.8290004052386296 0.5346087149113957
3 0.5409721322099805 0.1493824884792627 0.5048613091380427 0.1493824884792627 0.5048613091380427 0.20864170506912455 0.5409721322099805 0.20864170506912455
3 0.31180557355800387 0.05555529953917056 0.28402786779001943 0.05555529953917056 0.28402786779001943 0.09876497695852539 0.31180557355800387 0.09876497695852539
3 0.36014110359149243 0.21090021463263833 0.3561439404763482 0.15404913449733268 0.3266889832427352 0.15612009371802182 0.3306861463578794 0.21297117385332748
3 0.16458327932598832 0.08765437788018436 0.1458334413480233 0.08765437788018436 0.1458334413480233 0.11604953917050691 0.16458327932598832 0.11604953917050691
3 0.8766071325128738 0.49299294789761544 0.8525262396192966 0.4904527364259573 0.8480107202619787 0.5332593055701691 0.8720916131555558 0.5357995170418273
3 0.8104716452607365 0.10167812278921162 0.7916413011107785 0.10035479112695453 0.7892727466438465 0.134058130223501 0.8081030907938045 0.13538146188575811
3 0.8346851928233541 0.3545164388261336 0.8078510416452913 0.34948545571513473 0.7993655959157364 0.3947449464540954 0.8261997470937994 0.3997759295650942
3 0.6661399571297582 0.865205301538748 0.6405457428744562 0.8636063773617189 0.6377961813132605 0.9076190133055535 0.6633903955685625 0.9092179374825827
3 0.46497193574032886 0.1267566551797054 0.4358584990230792 0.11793954545605753 0.4223116725637127 0.1626701530140583 0.45142510928096236 0.17148726273770618
3 0.642161372650559 0.25609579922306724 0.6091073167331916 0.25237729719514657 0.6030362874006207 0.306343152673513 0.636090343317988 0.31006165470143365
3 0.754861309138043 0.9246912442396313 0.7284724562540507 0.9246912442396313 0.7284724562540507 0.9679009216589863 0.754861309138043 0.9679009216589863
3 0.5193487770312745 0.290325181223798 0.5149085904174999 0.24298132688514634 0.48461905942314737 0.24582205820998979 0.4890592460369219 0.2931659125486415
3 0.824305249513934 0.24074078341013835 0.7972222942320155 0.24074078341013835 0.7972222942320155 0.29382718894009224 0.824305249513934 0.29382718894009224
3 0.03605340782927274 0.6978158624835902 0.02736634797762748 0.6538526895349558 0.006268898097024489 0.6580215153393175 0.014955957948669751 0.7019846882879519
3 0.7121683419293122 0.09359374347538525 0.6903149238304886 0.09205796059917137 0.6881145651730997 0.12336795789894021 0.7099679832719232 0.12490374077515409
3 0.3298396110480192 0.3403155235892382 0.3278576595808122 0.301576585238571 0.3008454095002918 0.302958578936876 0.30282736096749874 0.3416975172875432
3 0.6772301543850952 0.19958883078759976 0.6545622767729202 0.19843028286740563 0.6528720675034869 0.23150052207862154 0.6755399451156618 0.23265906999881564
3 0.7011937567268762 0.32173406054781806 0.6814908549578307 0.27270056562749956 0.6486908069170536 0.2858804567533023 0.6683937086860992 0.33491395167362087
3 0.46014666284199013 0.21825585991399904 0.44958511545558427 0.16944085518022964 0.4172316819143357 0.17644079963014678 0.42779322930074154 0.22525580436391618
3 0.8365651774526734 0.7439188625028115 0.8119120130956071 0.7137873099466384 0.7920206041191353 0.7300621492160845 0.8166737684762015 0.7601937017722575
3 0.4402780298120545 0.30864170506912453 0.4159721322099806 0.30864170506912453 0.4159721322099806 0.3456785714285715 0.4402780298120545 0.3456785714285715
3 0.5362860785833486 0.8691314886063106 0.5151765171011722 0.8646781966909932 0.5086342184262789 0.8956900995122306 0.5297437799084554 0.9001433914275477
3 0.3173609850939728 0.2185184331797235 0.28680557355800385 0.2185184331797235 0.28680557355800385 0.26913594470046087 0.3173609850939728 0.26913594470046087
3 0.14810672145807108 0.5230068170775957 0.12999845895338336 0.4985611837740883 0.10652995867936377 0.5159456286062992 0.1246382211840515 0.5403912619098066
3 0.06237786204111273 0.9583286127624249 0.059524335229872785 0.9075981658931103 0.029134866382981118 0.9093075370791622 0.03198839319422107 0.9600379839484768
3 0.5864629901914754 0.935780853687967 0.5594060051544826 0.9341231079814254 0.5574181235444564 0.9665684237892422 0.5844751085814492 0.9682261694957839
3 0.82266174776921 0.19350620980357933 0.8039981076372685 0.18825586648773351 0.7948178880494117 0.22088922099673441 0.8134815281813532 0.22613956431258023
3 0.8446127646712706 0.03970949381598375 0.8252445553134462 0.03772876365884412 0.8216642266940827 0.07273835545997163 0.841032436051907 0.07471908561711127
3 0.5882755834292662 0.6575917265931989 0.5674787712371206 0.6536924478547096 0.5587579784411864 0.7002048164508385 0.5795547906333318 0.7041040951893278
3 0.8770615229851894 0.14125086581952212 0.8491757360220834 0.14004374928856572 0.847449331240918 0.1799256949873176 0.8753351182040239 0.18113281151827404
3 0.7755811352166915 0.5494405767813844 0.7500058966408433 0.5368510184070406 0.7310182572589385 0.5754237302325819 0.7565934958347867 0.5880132886069255
3 0.6232304116474058 0.6701106557872809 0.5975768059781886 0.66332006565682 0.5848932347656797 0.7112362744268903 0.6105468404348968 0.7180268645573512
3 0.586983324555884 0.3398417551355012 0.5614571899370727 0.32939982244041505 0.5443550618553777 0.3712073341749941 0.569881196474189 0.38164926687008016
3 0.8298496038443863 0.1339854368773559 0.8115967508684075 0.1281184170487462 0.8023449912339704 0.15690151533537605 0.8205978442099491 0.1627685351639857
3 0.43387798941673383 0.06493901456987333 0.40171497696195757 0.06343067853367193 0.3993357288284327 0.11416459028471819 0.43149874128320886 0.11567292632091959
3 0.5534724562540507 0.8950622119815668 0.5270836033700584 0.8950622119815668 0.5270836033700584 0.9407407834101382 0.5534724562540507 0.9407407834101382
3 0.7472222942320156 0.03333294930875585 0.7270836033700584 0.03333294930875585 0.7270836033700584 0.0555552995391706 0.7472222942320156 0.0555552995391706
3 0.6327334659608118 0.5463053880467859 0.6303293086949664 0.49926620933635163 0.599853506025145 0.5008238177901929 0.6022576632909904 0.5478629965006271
3 0.7215275437459494 0.14691359447004618 0.6979163966299418 0.14691359447004618 0.6979163966299418 0.1876543778801844 0.7215275437459494 0.1876543778801844
3 0.6344442202546002 0.9503590065320283 0.6315442599200644 0.8833665712397678 0.6055781444614289 0.8844905892657362 0.6084781047959648 0.9514830245579968
3 0.5979163966299417 0.14691359447004618 0.5576390149060273 0.14691359447004618 0.5576390149060273 0.20740783410138258 0.5979163966299417 0.20740783410138258
3 0.7430557355800389 0.4481486175115208 0.7125003240440699 0.4481486175115207 0.7125003240440699 0.4938271889400923 0.7430557355800389 0.49382718894009237
3 0.6541665586519767 0.1555552995391706 0.6340278677900194 0.1555552995391706 0.6340278677900194 0.190123271889401 0.6541665586519767 0.190123271889401
3 0.7569442644199611 0.241975806451613 0.7388891769280622 0.241975806451613 0.7388891769280622 0.27901267281106 0.7569442644199611 0.27901267281106
3 0.7186931097972746 0.8986878587787401 0.6988366841911693 0.8679787066851363 0.675042620655153 0.8833638612810605 0.6948990462612582 0.9140730133746644
1 0.7527777057679845 0.13209907834101392 0.7298613091380427 0.13209907834101392 0.7298613091380427 0.16913594470046092 0.7527777057679845 0.16913594470046092
1 0.7042658967320155 0.23915110231072106 0.6836729577575081 0.23335959679100798 0.6740876806258459 0.2674421037236505 0.6946806196003532 0.2732336092433637
1 0.8690074231416187 0.06681962518117256 0.8422858724846923 0.06619307456307803 0.8410977950613084 0.11686299673129943 0.8678193457182347 0.11748954734939394
1 0.8546853280647552 0.2278223693322819 0.8295770784371639 0.22681408829741967 0.8278997454603336 0.268583092805765 0.853007995087925 0.26959137384062715
1 0.6523242595791853 0.37050416006722 0.6488449618641737 0.3148624832911801 0.6131048440067571 0.3170973280622331 0.6165841417217688 0.37273900483827294
1 0.824305249513934 0.23950576036866367 0.7986111471160078 0.23950576036866367 0.7986111471160078 0.29382718894009224 0.824305249513934 0.29382718894009224
1 0.3696568821587314 0.2280014784510329 0.3618091491674991 0.15126710455203793 0.32432217207228625 0.15510095074043467 0.3321699050635185 0.23183532463942966
1 0.14151953380498009 0.5361679312833968 0.13901355410211094 0.5005423640152602 0.11361812807533758 0.5023287333856008 0.11612410777820674 0.5379543006537374
1 0.40965981088524384 0.4011992931462089 0.3993720551479293 0.3440417428581901 0.37090561716955145 0.34916540122278505 0.38119337290686606 0.4063229515108039
1 0.2682049039847101 0.47112489915796196 0.2654882318133908 0.4349018314337701 0.24601400642634808 0.43636236720533433 0.24873067859766734 0.4725854349295262
1 0.35625016202203497 0.08641935483870973 0.3270836033700583 0.08641935483870973 0.3270836033700583 0.1358029953917051 0.35625016202203497 0.1358029953917051
1 0.37560528072938115 0.4041519636194192 0.37096884982588324 0.3629319544218356 0.34449849296255325 0.3659093429032277 0.34913492386605116 0.4071293521008113
1 0.5567810745894693 0.4083691919477099 0.5304924529918903 0.4017969040513439 0.5210739739752746 0.43947006061368077 0.5473625955728536 0.44604234851004676
1 0.8356303718447193 0.44902917616185567 0.7921500146327456 0.44516823066447947 0.7844438710334465 0.5319516044914351 0.8279242282454202 0.5358125499888112
1 0.4033867151450409 0.10678132963687662 0.37614774816977214 0.10295057407392556 0.3687948631455998 0.1552339915499516 0.39603383012086846 0.15906474711290267
1 0.5437963228830581 0.20668498452587625 0.5382489942795339 0.14749011761293696 0.5024529685928429 0.15084467059261203 0.5080002971963672 0.21003953750555132
1 0.31180557355800387 0.05555529953917056 0.28402786779001943 0.05555529953917056 0.28402786779001943 0.09876497695852539 0.31180557355800387 0.09876497695852539
1 0.061703369813771544 0.9587859623248705 0.06047062726834914 0.9084025166004706 0.030295749694125785 0.9091408117856019 0.03152849223954819 0.9595242575100018
1 0.16458327932598832 0.08765437788018436 0.1458334413480233 0.08765437788018436 0.1458334413480233 0.11481451612903226 0.16458327932598832 0.11481451612903226
1 0.8768222208065743 0.49301563683001887 0.8525262396192966 0.4904527364259573 0.8480260045400362 0.5331144124906093 0.872321985727314 0.5356773128946707
1 0.8112169458119078 0.13313678023996162 0.8078577403488769 0.10028940097963202 0.7889899188921272 0.10221895792877818 0.7923491243551584 0.1350663371891078
1 0.8333525536521279 0.3529222680322298 0.8072207303302633 0.3498278671575981 0.8017710783508727 0.39584948764593786 0.8279029016727373 0.3989438885205695
1 0.6670950625159916 0.865799657484067 0.6415101501834275 0.8634010857743821 0.6374221387564534 0.907006792266847 0.6630070510890175 0.9094053639765318
1 0.46657484482907297 0.12504731977187364 0.43445763962616946 0.11683605779245324 0.42256023573458457 0.16337109261724952 0.4546774409374881 0.17158235459666998
1 0.6411977824349776 0.30886740736476687 0.6393024681079391 0.2549789836278398 0.6047962420947022 0.2561926050329525 0.6066915564217407 0.31008102876987953
1 0.4870760967868967 0.39760466430336705 0.45169078203285934 0.3871287662394924 0.43550482441182536 0.44180142547344065 0.47089013916586275 0.4522773235373153
1 0.5090278677900194 0.4827165898617512 0.4798613091380428 0.4827165898617512 0.4798613091380428 0.5333329493087557 0.5090278677900194 0.5333329493087557
1 0.755555411535969 0.9246912442396313 0.7277777057679846 0.9246912442396313 0.7277777057679846 0.9666670506912443 0.755555411535969 0.9666670506912443
1 0.5314392062690135 0.2750851192260499 0.5062975033253292 0.23932643418830332 0.47853146487018144 0.2588485583946423 0.503673167813866 0.29460724343238887
1 0.7104167206740117 0.09382718894009226 0.6888891769280622 0.09382718894009226 0.6888891769280622 0.12469124423963143 0.7104167206740117 0.12469124423963143
1 0.3304206211825486 0.34130205250820406 0.3276032487476569 0.3012122594043862 0.29978940446226304 0.30316692048220995 0.30260677689715476 0.3432567135860278
1 0.6794344838933104 0.20339737162866114 0.6566310078385006 0.1971611964065035 0.6483429287350402 0.22746775557831894 0.67114640478985 0.23370393080047655
1 0.45650563327841265 0.22424944424454338 0.454838973300647 0.17088973557390946 0.42184653702372216 0.1719202354488459 0.4235131970014878 0.22527994411947985
1 0.441864266436403 0.344435004761385 0.43892944771071163 0.30791301146593203 0.4146812098026632 0.30986154100269253 0.41761602852835444 0.3463835342981455
1 0.5343384279796597 0.8667809921247753 0.5139779731218448 0.8650190925369893 0.5112105902975623 0.8969988792732474 0.5315710451553772 0.8987607788610334
1 0.3180557355800389 0.2185184331797235 0.28680557355800385 0.2185184331797235 0.28680557355800385 0.2703698156682028 0.3180557355800389 0.2703698156682028
1 0.5863910104539745 0.9352616913224248 0.5594709780854124 0.9343148845781496 0.5583163719230445 0.9671431628427687 0.5852364042916067 0.9680899695870439
1 0.8219170985435891 0.1914079023719016 0.8031558601903643 0.18839198372463212 0.7976505539084408 0.22263904919378477 0.8164117922616654 0.2256549678410542
1 0.6938173706427913 0.27699724447114854 0.6604138712871149 0.27410666014204726 0.6556730790332801 0.3288911026514979 0.6890765783889564 0.33178168698059923
1 0.8452102835325512 0.04023517285379406 0.8261426571145785 0.03755359480278954 0.8212726468320775 0.07218228542905396 0.8403402732500501 0.0748638634800585
1 0.5930557355800391 0.8654320276497696 0.5687498379779652 0.8654320276497696 0.5687498379779652 0.9061728110599079 0.5930557355800391 0.9061728110599079
1 0.631250162022035 0.5 0.6006947504860661 0.5 0.6006947504860661 0.5481486175115208 0.631250162022035 0.5481486175115208
1 0.5823167829280573 0.33443783145471645 0.5552668709625149 0.3310047720635611 0.5496384948580937 0.3753521196584765 0.5766884068236361 0.3787851790496318
1 0.825 0.13086405529953926 0.806250162022035 0.13086405529953926 0.806250162022035 0.16172811059907843 0.825 0.16172811059907843
1 0.4333331173039534 0.06419700460829497 0.4 0.06419700460829497 0.4 0.1148145161290323 0.4333331173039534 0.1148145161290323
1 0.7465275437459494 0.03333294930875585 0.7270836033700584 0.03333294930875585 0.7270836033700584 0.056790322580645244 0.7465275437459494 0.056790322580645244
1 0.6004528024185518 0.20920198043118124 0.5981929208804712 0.1448880245063093 0.5568813886574223 0.14633964053020543 0.559141270195503 0.21065359645507736
1 0.746350714064657 0.44944121001687887 0.7137118691438844 0.4458132406699381 0.7087133878034308 0.490781828248554 0.7413522327242035 0.49440979759549475
1 0.6551258279210774 0.15608879482674004 0.6357816473044516 0.15518161846209225 0.6341686567053989 0.18957623311137178 0.6535128373220247 0.19048340947601955
1 0.7581734716966151 0.2787402022656532 0.75668846481921 0.2417629738379743 0.73856281193484 0.24249090073610274 0.740047818812245 0.27946812916378166
1 0.7276746973624886 0.18041374317255077 0.7153987485340063 0.14494862590765925 0.6909274726917318 0.1534191499937257 0.7032034215202141 0.18888426725861723
1 0.8856945849726656 0.1686949947856391 0.866021594283715 0.13771069490516163 0.837957516327751 0.15552953691390217 0.8576305070167018 0.18651383679437963
1 0.7157832650713725 0.8759806712584867 0.6900416312843798 0.8687408784743658 0.6798631320002986 0.9049313066930653 0.7056047657872913 0.9121710994771861