0 0.05587493376027851 0.7057723763745278 0.05279670909853712 0.6873040323999521 0.019112502128951946 0.6929183720910321 0.022190726790693338 0.7113867160656078
0 0.05208360337005839 0.617283410138249 0.036110823071937866 0.617283410138249 0.036110823071937866 0.6283951612903226 0.05208360337005839 0.6283951612903226
0 0.5580730980875748 0.2553022021626783 0.42371314392532183 0.25172465835820285 0.41772364920780547 0.47666899997432643 0.5520836033700584 0.4802465437788019
0 0.026572310818063972 0.9690200660975339 0.025372815591614285 0.9455530139957118 0.01762778171984635 0.9459488937644005 0.018827276946296035 0.9694159458662227
0 0.05355890271567611 0.1283890804586382 0.05277770576798444 0.11728341013824883 0.042325827007539285 0.11801861796900108 0.04310702395523095 0.12912428828939043
0 0.042434658479419164 0.6955797560059211 0.031471089976065604 0.6873577664060795 0.019110869282430755 0.7038394372529808 0.030074437785784315 0.7120614268528225
2 0.24819651821112637 0.9582172590373489 0.23081936262307473 0.9547849816343323 0.2284724562540507 0.9666670506912443 0.2458496118421023 0.9700993280942608
2 0.8837198925071927 0.3998578211571192 0.8637701106520161 0.3942475882437234 0.8550323613138548 0.4253187034527384 0.8749821431690314 0.4309289363661343
2 0.4063586438001665 0.6968271084997081 0.3753335166906853 0.6920670946245158 0.36720039357758927 0.745077691861624 0.3982255206870705 0.7498377057368163
2 0.5854167206740118 0.7987649769585253 0.5666668826960468 0.7987649769585253 0.5666668826960468 0.825926267281106 0.5854167206740118 0.825926267281106
2 0.5734673643211806 0.7215993580469429 0.5455195045266832 0.7202886983529226 0.5431919521004712 0.7699202763810733 0.5711398118949687 0.7712309360750934
2 0.18905215178807339 0.3243251579875004 0.1654361553845523 0.32191001906561256 0.16094065733194884 0.36586842861305685 0.18455665373546992 0.3682835675349447
2 0.06434299741689173 0.32252899414570774 0.039210776657083314 0.320354168008174 0.035545858832940584 0.36270584027902697 0.060678079592749 0.3648806664165607
2 0.6890215584422122 0.17814801366875208 0.6806715024754332 0.13954722010226847 0.6629642461481795 0.14337762273624574 0.6713143021149587 0.18197841630272935
2 0.3914852869445006 0.8735389907682345 0.36303145285489263 0.8708714591936768 0.35800723650351074 0.9244634090907361 0.38646107059311874 0.9271309406652938
2 0.7507088888997109 0.5862911650596343 0.7413174210650838 0.5624218053076924 0.6422249070117403 0.6014100382580374 0.6516163748463674 0.6252793980099794
2 0.9399115450557998 0.9156783600657459 0.9164520254322615 0.9137923303377052 0.9138924516672582 0.9456297770519553 0.9373519712907965 0.947515806779996
2 0.863433770125463 0.37369682550931604 0.841115964209397 0.3703922647094255 0.835824126805457 0.40613141652785345 0.858141932721523 0.40943597732774395
2 0.6912829183565354 0.3638469759623577 0.6895741843471479 0.3182584912239227 0.663360986923472 0.31924100648385323 0.6650697209328594 0.3648294912222883
2 0.027083603370058364 0.2814815668202765 3.4547173333274106e-17 0.2814815668202765 3.855372949442467e-17 0.34691359447004605 0.027083603370058367 0.34691359447004605
2 0.5917765544468228 0.3981389639838904 0.5680388254362587 0.3956350977434669 0.5633641617346564 0.4399529204660517 0.5871018907452205 0.4424567867064752
2 0.3778334938785053 0.19623132574210847 0.3570967582647132 0.19312088170159064 0.352010478140917 0.22703013864719632 0.3727472137547091 0.23014058268771417
2 0.7811496625034214 0.5017760031263886 0.7650202712302354 0.5008691675654785 0.7632278957333886 0.5327491764042396 0.7793572870065746 0.5336560119651497
2 0.5755956630697975 0.2329920761697662 0.573587643005274 0.2008460710096886 0.5436887051747039 0.2027137266257677 0.5456967252392274 0.23485973178584527
2 0.681250162022035 0.43209907834101385 0.6562501620220351 0.43209907834101385 0.6562501620220351 0.48395046082949317 0.681250162022035 0.48395046082949317
2 0.9924678985146947 0.12325568472004211 0.9676053898888421 0.07414605598348971 0.9391376976530669 0.088558265197429 0.9640002062789195 0.1376678939339814
2 0.8642334128958643 0.10597560346342809 0.8370513654643753 0.09680185800087053 0.8212181129319654 0.14371619883224554 0.8484001603634544 0.1528899442948031
2 0.326726406005706 0.060173630899731156 0.30998522517057897 0.058408095529544 0.30094755276498586 0.14410522209270882 0.3176887336001129 0.14587075746289596
2 0.07284972613130578 0.03703463070404101 0.037779195641439375 0.035252591264088196 0.03676379933772937 0.055235587279879095 0.07183432982759579 0.057017626719831904
2 0.8 0.3259262672811061 0.7812501620220351 0.3259262672811061 0.7812501620220351 0.3567903225806453 0.8 0.3567903225806453
2 0.9583331173039534 0.3493824884792628 0.9284724562540505 0.3493824884792628 0.9284724562540505 0.4000000000000002 0.9583331173039534 0.4000000000000002
2 0.3224332581821213 0.6170758835619888 0.31402708436086524 0.5662694493015106 0.2854387987270289 0.5709995214230388 0.2938449725482849 0.621805955683517
2 0.1822401301357455 0.2859703700451421 0.16018776021601608 0.227168284585218 0.1333993616926456 0.23721465741662234 0.15545173161237502 0.29601674287654645
2 0.32291639662994176 0.8925921658986175 0.3027777057679845 0.8925921658986175 0.3027777057679845 0.9234562211981567 0.32291639662994176 0.9234562211981567
2 0.4239961215393625 0.6429092892834085 0.33593439849109574 0.5809922106154305 0.31310820929806327 0.613456816410919 0.4011699323463301 0.6753738950788971
2 0.7124400430963046 0.5248253327189197 0.6929748981993417 0.522683060869422 0.6837462976184738 0.6065361197353681 0.7032114425154369 0.6086783915848659
2 0.013889176928062252 0.28641935483870967 3.515187796243833e-17 0.28641935483870967 3.832692998640286e-17 0.3382718894009217 0.013889176928062255 0.3382718894009217
2 0.08812837848024765 0.5285365772074055 0.06294339046696099 0.5263571848358264 0.05914658405111954 0.570232957422133 0.08433157206440622 0.5724123497937121
2 0.8256358175742105 0.38476723607735397 0.8209712509928917 0.3516019523928915 0.8025851149644654 0.354187890040636 0.8072496815457841 0.3873531737250985
2 0.22083344134802343 0.44197580645161294 0.19861114711600783 0.44197580645161294 0.19861114711600783 0.48148156682027654 0.22083344134802343 0.48148156682027654
2 0.7021472191957224 0.5831683840642881 0.6849956401124612 0.5817894816590822 0.6826918850964794 0.610444908030008 0.6998434641797406 0.6118238104352138
2 0.7117341592022585 0.55121945513718 0.7086925198359533 0.5241820844595735 0.6903144015707297 0.5262495786941521 0.693356040937035 0.5532869493717586
2 0.5304559913106563 0.5617918056058678 0.5027809882473331 0.5559534622796771 0.4922872422934443 0.6056960750713599 0.5199622453567676 0.6115344183975506
2 0.9157840546708588 0.5702640385121437 0.9103309795650016 0.5314894076903125 0.8876882427035167 0.5346737718503529 0.8931413178093738 0.5734484026721841
2 0.36842942982041327 0.08812838118251454 0.3529886194308251 0.027733806387018035 0.25799818396369323 0.052019585496133745 0.27343899435328145 0.11241416029163025
2 0.7451386908619573 0.5629631336405532 0.7277777057679844 0.5629631336405532 0.7277777057679844 0.5950622119815671 0.7451386908619573 0.5950622119815671
2 0.5777777057679845 0.4864193548387097 0.5541665586519766 0.4864193548387097 0.5541665586519766 0.527160138248848 0.5777777057679845 0.527160138248848
2 0.32773270376174596 0.04984252252615838 0.3104167206740117 0.048148617511520775 0.3064153680982592 0.0890525365217697 0.3237313511859935 0.0907464415364073
2 0.730196882552365 0.1115686676772808 0.6893464790272382 0.09341363498672631 0.653036112095578 0.17511512055196343 0.6938865156207048 0.19327015324251792
2 0.7364397243126455 0.5251925327106812 0.7318945068679226 0.49555820218350843 0.7150562869891823 0.4981407937038654 0.7196015044339051 0.5277751242310381
2 0.5866719060858109 0.3294915389592258 0.562062398054988 0.31869395989564386 0.52285552434436 0.40805305305565165 0.5474650323751827 0.41885063211923346
2 0.1743052495139339 0.10740783410138251 0.14652754374594945 0.10740783410138251 0.14652754374594945 0.1469135944700461 0.1743052495139339 0.1469135944700461
2 0.7965275437459494 0.5419758064516131 0.7791665586519766 0.5419758064516131 0.7791665586519766 0.570369815668203 0.7965275437459494 0.570369815668203
2 0.3043327135766579 0.375965753547299 0.2864898643792008 0.3616276730595339 0.26865356212699715 0.3838238416190493 0.28649641132445425 0.39816192210681445
2 0.3926648498827082 0.27916851758290606 0.37754177367820146 0.2749148461164407 0.36874983797796507 0.3061728110599079 0.3838729141824718 0.3104264825263733
2 0.026388852883992342 0.9456785714285715 1.1671942158431144e-16 0.9456785714285715 1.1815577143900265e-16 0.9691359447004609 0.02638885288399235 0.9691359447004609
2 0.7451386908619573 0.5654320276497697 0.7291665586519767 0.5654320276497697 0.7291665586519767 0.5938271889400923 0.7451386908619573 0.5938271889400923
2 0.39105127017226143 0.5423740549217692 0.3765951832190738 0.5410180667208652 0.37416037740330843 0.5669753461156015 0.38861646435649605 0.5683313343165055
2 0.46652195628805576 0.6374176804113524 0.39347861273170637 0.3952936660779456 0.3351749444648428 0.41288256523582784 0.40821828802119214 0.6550065795692346
2 0.053472456254050574 0.11728341013824886 0.043055735580038904 0.11728341013824886 0.043055735580038904 0.12839516129032258 0.053472456254050574 0.12839516129032258
2 0.9805461619033624 0.7678474774308237 0.9752588765963092 0.7372976281201931 0.9572616647908566 0.7404124190502348 0.9625489500979099 0.7709622683608653
2 0.31597213220998066 0.7925921658986176 0.29374983797796506 0.7925921658986176 0.29374983797796506 0.8308640552995392 0.31597213220998066 0.8308640552995392
2 0.7777777057679846 0.32716013824884804 0.7583331173039534 0.32716013824884804 0.7583331173039534 0.3617281105990785 0.7777777057679846 0.3617281105990785
2 0.9443607156341546 0.49731961149882287 0.9321936132997253 0.4670400335207434 0.911436993495171 0.47538056975482446 0.9236040958296003 0.5056601477329039
2 0.8342560851646068 0.19418139417769467 0.8322868322769097 0.14864690034484435 0.8041346370847998 0.14986441232335862 0.806103889972497 0.19539890615620895
2 0.875 0.46790092165898634 0.8555554115359689 0.46790092165898634 0.8555554115359689 0.4987649769585255 0.875 0.4987649769585255
2 0.5493052495139339 0.611110599078341 0.5180557355800388 0.611110599078341 0.5180557355800388 0.6654320276497696 0.5493052495139339 0.6654320276497696
2 0.9020836033700583 0.40617281105990805 0.8812501620220351 0.40617281105990805 0.8812501620220351 0.44074078341013845 0.9020836033700583 0.44074078341013845
2 0.1743052495139339 0.035802995391705096 0.15138885288399223 0.035802995391705096 0.15138885288399223 0.0543214285714286 0.1743052495139339 0.0543214285714286
2 0.7957040374446779 0.39015464609718226 0.7784600089883122 0.3883910000981124 0.7751149031188387 0.42109773423477037 0.7923589315752043 0.4228613802338403
2 0.9427725655365086 0.7390477294505383 0.9240456115604635 0.7364143691163494 0.9196194023884512 0.767891039580497 0.9383463563644963 0.770524399914686
2 0.6263888528839925 0.7925921658986176 0.611110823071938 0.7925921658986176 0.611110823071938 0.8222223502304148 0.6263888528839925 0.8222223502304148
2 0.111805573558004 0.8283951612903226 1.0795035793138455e-16 0.8283951612903226 1.1656824542702038e-16 0.9691359447004609 0.11180557355800402 0.9691359447004609
2 0.022410660413497818 0.424977309654909 0.0032546218591757103 0.3977132644362191 -0.005226370371825939 0.40367210923906605 0.013929668182496168 0.4309361544577559
2 0.038285269258945306 0.4420232295831732 0.016197018794557295 0.43867108294931284 0.005796543718162883 0.5072027802550076 0.0278847941825509 0.510554926888868
2 0.2916668826960466 0.1851854838709678 0.27152754374594945 0.1851854838709678 0.27152754374594945 0.22716013824884795 0.2916668826960466 0.22716013824884795
2 0.4541686210092271 0.36174693448621803 0.4476297404039117 0.31911413385736864 0.4174066391141779 0.3237496550509304 0.42394551971949335 0.3663824556797798
2 0.42564307386349254 0.6348322285395975 0.3347219701879456 0.5901232718894011 0.3203783508630795 0.6192927671635209 0.4112994545386265 0.6640017238137172
2 0.8422156604654164 0.29174165263596785 0.8240810823215317 0.29081393478232853 0.8224342597612088 0.32300522256678993 0.8405688379050936 0.32393294042042925
2 0.999305249513934 0.14444470046082963 0.9805554115359689 0.14444470046082963 0.9805554115359689 0.20987672811059918 0.999305249513934 0.20987672811059918
2 0.5102688924067065 0.16383168038102347 0.4854779326863315 0.16208854218066332 0.4825581525349282 0.20361373628795457 0.5073491122553031 0.2053568744883147
2 0.2694445884640312 0.8395057603686636 0.23333311730395345 0.8395057603686636 0.23333311730395345 0.8938271889400922 0.2694445884640312 0.8938271889400922
2 0.6666390575276462 0.5965434230516723 0.647986153730257 0.5944450161036536 0.6448318161644315 0.6224841699081092 0.6634847199618207 0.6245825768561278
2 0.31212319389793036 0.3133192281642048 0.28738194882007456 0.3113322743996838 0.284301353533027 0.3496913768324997 0.3090425986108828 0.3516783305970207
2 0.7532683845393555 0.4035930999196487 0.734498576407957 0.40196873094112917 0.7315447320702921 0.43610081066018325 0.7503145402016907 0.4377251796387028
2 0.07876928899071815 0.8250617130921061 0.062460871678848374 0.8242274168771747 0.060749219997470384 0.8576859528418523 0.07705763730934016 0.8585202490567838
2 0.6948438437896981 0.18051076055590526 0.6674467793366813 0.17645585845806697 0.6616956152168055 0.21531376680463693 0.6890926796698223 0.21936866890247525
2 0.08262187805639322 0.26452764544701546 0.05496531940497577 0.2557763640140868 0.041258038575371206 0.2990953018314649 0.06891459722678865 0.30784658326439346
2 0.5602433930460754 0.16240855009126992 0.5485673273533721 0.1253461738379925 0.4809188536502015 0.14665802976356823 0.4925949193429048 0.18372040601684567
2 0.6483867377916563 0.3255259670299457 0.5632905278428006 0.2818871296171334 0.5419185605664423 0.32356269941210497 0.627014770515298 0.36720153682491724
2 0.6795274548768148 0.05092204842249004 0.5472781761930483 0.02013431663985943 0.5400340957409686 0.05125139994039626 0.6722833744247352 0.08203913172302688
2 0.5854167206740118 0.9074078341013825 0.5673609850939729 0.9074078341013825 0.5673609850939729 0.9333329493087559 0.5854167206740118 0.9333329493087559
2 0.7698850867428735 0.4665137272845935 0.7496671072290749 0.46324502433548653 0.7448925949731277 0.49277691893774567 0.7651105744869262 0.4960456218868526
2 0.9513888528839922 0.6493824884792628 0.9340278677900195 0.6493824884792628 0.9340278677900195 0.6814815668202766 0.9513888528839922 0.6814815668202766
2 0.7792956265478095 0.13928425071285194 0.7688756601994851 0.13597355240422865 0.7523681558679094 0.18792864573961793 0.7627881222162338 0.19123934404824122
2 0.7929116184642686 0.23953650253603662 0.7482813776832747 0.1941935549355039 0.7287930637607036 0.2133755488023897 0.7734233045416975 0.25871849640292244
2 0.7618055735580038 0.1765437788018434 0.7347219701879455 0.1765437788018434 0.7347219701879455 0.21728341013824895 0.7618055735580038 0.21728341013824895
2 0.34344058059442356 0.18401805973702373 0.336084968818201 0.1509308628642081 0.3140022134814978 0.15584007822719192 0.3213578252577204 0.18892727510000756
2 0.4465275437459496 0.7308640552995392 0.4236111471160079 0.7308640552995392 0.4236111471160079 0.774073732718894 0.4465275437459496 0.774073732718894
2 0.35176103722533225 0.2921612571886529 0.3478586005379741 0.2636349210076502 0.330319158225432 0.26603433755809547 0.33422159491279013 0.2945606737390982
2 0.44183494628618825 0.9167847753830418 0.440411332471355 0.8687206124767888 0.4128040986511222 0.8695383119243475 0.41422771246595547 0.9176024748306005
2 0.1486111471160078 0.3432096774193548 0.12500000000000006 0.3432096774193548 0.12500000000000006 0.3876543778801843 0.1486111471160078 0.3876543778801843
2 0.0784724562540506 0.37036981566820276 0.050000000000000044 0.37036981566820276 0.050000000000000044 0.4308640552995392 0.0784724562540506 0.4308640552995392
2 0.11256841918792496 0.967507394780957 0.10676525922169453 0.9152965109053863 0.026938270980587885 0.924169158675333 0.032741430946818306 0.9763800425509037
2 0.7993873272683658 0.3637538483972862 0.7978152982282061 0.32464625049668194 0.7524521766347085 0.3264697361701955 0.7540242056748683 0.3655773340707997
2 0.9777777057679845 0.827160138248848 0.9569442644199612 0.827160138248848 0.9569442644199612 0.8604942396313364 0.9777777057679845 0.8604942396313364
2 0.5590278677900196 0.5530864055299539 0.5354167206740117 0.5530864055299539 0.5354167206740117 0.5962960829493088 0.5590278677900196 0.5962960829493088
2 0.4291665586519768 0.9296301843317973 0.40208360337005844 0.9296301843317973 0.40208360337005844 0.9666670506912443 0.4291665586519768 0.9666670506912443
2 0.8242342488937922 0.3855322806355626 0.821496730267947 0.3514632935309917 0.8041485167063579 0.3528572609420046 0.806886035332203 0.3869262480465755
2 0.7159139698350944 0.21930812139576378 0.6988996484774289 0.20922419556582 0.6763369055342937 0.24729367025443363 0.6933512268919592 0.2573775960843774
2 0.015826183408477235 0.5572453578131265 0.0049209514645200516 0.5357727050772334 -0.0059810978767687924 0.5413094861258315 0.00492413406718839 0.5627821388617246
2 0.056309729184217984 0.7090808926243192 0.05116491606845047 0.556057556297303 0.015826347094859604 0.5572456779100696 0.02097116021062712 0.7102690142370858
2 0.9320039071776117 0.11495717488671812 0.9070082904282726 0.11183282178729037 0.901341325024467 0.1571699814672362 0.926336941773806 0.16029433456666398
2 0.6040612740018556 0.6107239432389115 0.5778666874785061 0.609383896318956 0.5753506272692965 0.6585666196002234 0.6015452137926461 0.6599066665201792
2 0.5206996825877424 0.6859209998231879 0.49280642790699536 0.6545420823707357 0.4663556118253842 0.6780546637271815 0.4942488665061312 0.7094335811796337
2 0.2762763169044741 0.12068076057477388 0.2396551319736835 0.11626755706714778 0.23187033682954658 0.18086653196806088 0.26849152176033714 0.18527973547568696
2 0.9999991341158004 0.2896294309695659 0.9674175727383455 0.2780442685657035 0.9516731514956721 0.3223231322698198 0.984254712873127 0.33390829467368216
2 0.19583344134802338 0.5049377880184333 0.16250032404407005 0.5049377880184333 0.16250032404407008 0.5666670506912442 0.1958334413480234 0.5666670506912442
2 0.7866314824305083 0.6104957080834248 0.7849191994400474 0.5800402611269269 0.7675437662883284 0.5810171523437944 0.7692560492787892 0.6114725993002924
2 0.6240356070980069 0.7470231310746034 0.6209247097365951 0.7055410349048375 0.5999322089923029 0.7071153409598544 0.6030431063537148 0.7485974371296203
2 0.9722222942320154 0.9037039170506912 0.9520836033700583 0.9037039170506912 0.9520836033700583 0.9395057603686636 0.9722222942320154 0.9395057603686636
2 0.630151442556984 0.8658657852326954 0.6279101306115384 0.8339730432362028 0.6094250917868664 0.835272108030767 0.611666403732312 0.8671648500272596
2 0.42619322141885785 0.08587239797750723 0.3639054152531578 0.060214121317444594 0.357314620569003 0.07621387637517797 0.41960242673470305 0.10187215303524062
2 0.1341416313818094 0.5207513281452795 0.10383240418438722 0.5193537819439848 0.09871264175141056 0.6303884244010062 0.12902186894883277 0.6317859706023008
2 0.7491205871730481 0.16312104790298748 0.6681650441715119 0.007205537417637053 0.5990347610152756 0.043099847055861853 0.6799903040168119 0.19901535754121227
2 0.8829299890279196 0.39757055228647736 0.8624276237035519 0.3942755116687239 0.856995400530854 0.4280758306724022 0.8774977658552219 0.43137087129015567
2 0.7856790902141226 0.5480112992491114 0.747259976123348 0.5072247577378894 0.6405370733421889 0.6077530012742991 0.6789561874329635 0.6485395427855211
2 0.44081958782231234 0.4233096877819708 0.413580281180178 0.41947910788552545 0.4069897114077218 0.4663447407221891 0.4342290180498562 0.47017532061863454
2 0.21147876888786904 0.10938226559757602 0.17904101029425706 0.10807834765721924 0.17696114850238262 0.15981937569648358 0.2093989070959946 0.16112329363684036
2 0.4784724562540507 0.8160495391705069 0.45416655865197686 0.8160495391705069 0.45416655865197686 0.8567903225806452 0.4784724562540507 0.8567903225806452
2 0.8161432042704309 0.04398755827018401 0.7597152532153264 0.03526520182579766 0.7526328036824645 0.08108402591751347 0.809060754737569 0.08980638236189982
2 0.6290933633882949 0.9527363591559836 0.5974088847700211 0.3096582523427875 0.23030026704684953 0.32774570552398047 0.26198474566512336 0.9708238123371766
2 0.6027777057679844 0.2629631336405531 0.5680557355800389 0.2629631336405531 0.5680557355800389 0.30864170506912453 0.6027777057679844 0.30864170506912453
2 0.6057802225069501 0.820257274121625 0.589108963523675 0.8190856755206347 0.5866949957305433 0.8534352234140636 0.6033662547138183 0.8546068220150536
2 0.5861108230719378 0.11481451612903235 0.5590278677900196 0.11481451612903235 0.5590278677900196 0.17036981566820286 0.5861108230719378 0.17036981566820286
2 0.9015989004620252 0.45420453865823224 0.8975998048297363 0.42296339715648357 0.8000461139484756 0.4354509862893929 0.8040452095807644 0.4666921277911416
2 0.6276986034263172 0.20200318051668037 0.619514787485537 0.17898740464051116 0.5815056161078085 0.19250248509187132 0.5896894320485886 0.21551826096804047
2 0.7051014503826313 0.2266068590254607 0.6613385235697887 0.2136267599559008 0.6298613091380426 0.3197534562211982 0.6736242359508852 0.3327335552907581
2 0.09878527044516709 0.9674450900215439 0.09550895342414671 0.9412350822563832 0.07438893776910252 0.9438751374366345 0.0776652547901229 0.9700851452017952
2 0.5881741254427023 0.12310622683179602 0.5694834298129208 0.12170445453943675 0.5659846649394965 0.1683556472372753 0.584675360569278 0.16975741952963458
2 0.8968633244094443 0.19020601406668589 0.8696239958658436 0.18637565450001986 0.8632444789231565 0.23174313369534172 0.8904838074667571 0.23557349326200772
2 0.7369722152451954 0.33440077206911784 0.7096390268932352 0.3271655911183337 0.6981900125673697 0.3704178701064992 0.7255232009193299 0.3776530510572833
2 0.5326605733012723 0.8959067475758914 0.5034566636804174 0.8881763808196812 0.4894606878836781 0.9410506137136487 0.518664597504533 0.948780980469859
2 0.756250162022035 0.5074078341013827 0.7409721322099805 0.5074078341013827 0.7409721322099805 0.5345679723502306 0.756250162022035 0.5345679723502306
2 0.6880009342469682 0.17836879330471106 0.6796819059241517 0.13991143490611377 0.6629952737921421 0.14352105790413205 0.6713143021149587 0.18197841630272935
2 0.909387235401325 0.30870194447975985 0.8812045700247981 0.30497192438388004 0.8758455107619968 0.34546301291805215 0.9040281761385236 0.34919303301393195
2 0.11778847937134684 0.4604010070040533 0.09419801211733284 0.4577471360073157 0.09065810410653725 0.489213655711382 0.11424857136055126 0.49186752670811956
2 0.22567588161600521 0.08608665286933892 0.20433318412814439 0.05762992781243703 0.1843335067241488 0.07262979388398116 0.20567620421200958 0.10108651894088305
2 0.5861108230719378 0.04320967741935491 0.5590278677900196 0.04320967741935491 0.5590278677900196 0.10000000000000009 0.5861108230719378 0.10000000000000009
2 0.26289853851053724 0.9155029303159908 0.2427057557470819 0.913609867840471 0.23948721421123098 0.9479411753852744 0.2596799969746863 0.9498342378607942
2 0.9948034294230503 0.3930405114208009 0.9682607061987237 0.39041797345412854 0.9645829702154511 0.4276403624287354 0.9911256934397776 0.43026290039540765
2 0.19513869086195726 0.17160483870967747 0.17083344134802336 0.17160483870967744 0.1708334413480234 0.21234562211981567 0.1951386908619573 0.21234562211981567
2 0.8236111471160079 0.35185138248847936 0.8041665586519766 0.35185138248847936 0.8041665586519766 0.38641935483870976 0.8236111471160079 0.38641935483870976
2 0.7281759598302574 0.6562367234473239 0.7134250903841411 0.6553633610578451 0.7112277594088154 0.6924757244220197 0.7259786288549317 0.6933490868114983
2 0.3475881801209425 0.7070812830156288 0.3281591405956475 0.7041003928037786 0.32323581609917096 0.7361899564709098 0.3426648556244659 0.7391708466827599
2 0.2944445884640311 0.06790092165898623 0.26874983797796503 0.06790092165898622 0.26874983797796503 0.10987672811059915 0.2944445884640311 0.10987672811059915
3 0.32291639662994176 0.8925921658986175 0.3020836033700584 0.8925921658986175 0.3020836033700584 0.9234562211981567 0.32291639662994176 0.9234562211981567
3 0.3561067830079307 0.8096432089597639 0.3344866193214523 0.8028024047749047 0.32179707021942694 0.8429073575377121 0.3434172339059053 0.8497481617225713
3 0.9991757483693711 0.766429333239399 0.992214968020693 0.6323670022747762 0.953995387560056 0.6343514381911958 0.9609561679087341 0.7684137691558186
3 0.5854167206740118 0.7987649769585253 0.5666668826960468 0.7987649769585253 0.5666668826960468 0.825926267281106 0.5854167206740118 0.825926267281106
3 0.18806384834610748 0.32377546186555767 0.16386887369366582 0.3226418581907734 0.16181985660835488 0.36637488194879436 0.18601483126079651 0.36750848562357863
3 0.8344000981718214 0.1509190914746743 0.807195268504905 0.14873297740116756 0.803462957085151 0.1951792711553712 0.8306677867520674 0.19736538522887798
3 0.3949850430263463 0.7935965090309977 0.3685189931877358 0.767129925627486 0.29529277474609866 0.840354667832489 0.32175882458470917 0.8668212512360007
3 0.756250162022035 0.5074078341013827 0.7402780298120545 0.5074078341013827 0.7402780298120545 0.5358029953917053 0.756250162022035 0.5358029953917053
3 0.9721105596032812 0.943540326702729 0.9666668826960467 0.9074078341013825 0.9099681600167218 0.9159499939441729 0.9154118369239563 0.9520824865455193
3 0.8805554115359688 0.39629608294930885 0.8604167206740116 0.39629608294930885 0.8604167206740116 0.42963018433179745 0.8805554115359688 0.42963018433179745
3 0.731250162022035 0.32963018433179736 0.7027777057679845 0.32963018433179736 0.7027777057679845 0.37530875576036876 0.731250162022035 0.37530875576036876
3 0.08029716161599543 0.36964293242577406 0.05249969595271239 0.3681537745167228 0.04918638054647749 0.4300019980507317 0.07698384620976054 0.431491155959783
3 0.6437157047488757 0.39984340147164793 0.6318941898962499 0.30425692368733015 0.5175332503356365 0.3184003420547956 0.5293547651882624 0.4139868198391133
3 0.6027777057679844 0.26419700460829504 0.5680557355800389 0.26419700460829504 0.5680557355800389 0.30864170506912453 0.6027777057679844 0.30864170506912453
3 0.875694750486066 0.4666670506912444 0.8548613091380428 0.4666670506912444 0.8548613091380428 0.4987649769585255 0.875694750486066 0.4987649769585255
3 0.5755299432362528 0.23410826383291772 0.5736600516149224 0.20088054276622241 0.5431318183821864 0.20259852057822267 0.5450017100035168 0.235826241644918
3 0.0830473591559244 0.26368899596775164 0.05483193666315776 0.255032469616448 0.04113932368006161 0.2996627109706856 0.06935474617282825 0.30831923732198924
3 0.8614750759832264 0.4076391334747096 0.8589588373289333 0.37186772266137275 0.8370188510078478 0.37341102890511746 0.8395350896621409 0.4091824397184543
3 0.9936841272499446 0.121007564471131 0.9658538344605117 0.07413515845177461 0.9385276027568763 0.09035999292752153 0.9663578955463095 0.13723239894687791
3 0.8595744567477579 0.10131138143150346 0.8313207104269911 0.09813319930505887 0.8255262703171307 0.14964523808114222 0.8537800166378975 0.1528234202075868
3 0.2263031016666904 0.08669501336884573 0.20453649088374704 0.05679309754639468 0.18341629044283403 0.07216720218185545 0.2051829012257774 0.10206911800430651
3 0.7854789979208017 0.5032115515300412 0.7675830045325371 0.4986365512082925 0.7594566035987619 0.5304245309139722 0.7773525969870263 0.534999531235721
3 0.6256416022892037 0.055042949940411166 0.617787415987588 0.03110597844917029 0.598613434150437 0.037397335129270196 0.6064676204520527 0.06133430662051107
3 0.6431219049209231 0.5326852513188591 0.6378155944781841 0.48552437762437 0.613813767581456 0.48822494558950086 0.619120078024195 0.53538581928399
3 0.4497742451247597 0.7320511061445087 0.42629881299318245 0.7291166179689375 0.420841699145485 0.77277264862954 0.4443171312770623 0.7757071368051112
3 1.0004688362936682 0.6890788340874361 0.9795928060103434 0.6285256053702938 0.9614729591596234 0.6347725137449377 0.9823489894429484 0.69532574246208
3 0.8458946358428673 0.34350881960118174 0.8420498050449936 0.23141896838111 0.7787941841081536 0.23358872020849963 0.7826390149060273 0.3456785714285714
3 0.9590539063251995 0.3499697470471006 0.9290432508404745 0.3487633926692087 0.9270151943880374 0.3992156516513659 0.9570258498727624 0.4004220060292578
3 0.3427847288613397 0.1545351268443071 0.3208696157682579 0.1504257472450859 0.3142547426406843 0.1857025303182863 0.3361698557337662 0.18981190991750752
3 0.5325076394564349 0.894971343738845 0.5019336677959767 0.8873276967282168 0.48849855815345206 0.9410670518939581 0.5190725298139102 0.9487106989045863
3 0.8253536812739671 0.35235065119135994 0.8046019323359402 0.3510543803784237 0.8023741687478319 0.3867182171418121 0.8231259176858587 0.38801448795474835
3 0.06317094398511233 0.3203381782083133 0.03870620206703469 0.3193556732573718 0.03693093065415602 0.36356059752671077 0.06139567257223366 0.36454310247765226
3 0.3104167206740117 0.31234562211981565 0.2854167206740117 0.31234562211981565 0.2854167206740117 0.3506175115207374 0.3104167206740117 0.3506175115207374
3 0.3003199407686115 0.07170166774931144 0.27329098111920536 0.0641001122260603 0.261147727661856 0.1072780521499708 0.2881766873112622 0.11487960767322192
3 0.22741943346101304 0.445718221593091 0.20393048417830126 0.43911191925284915 0.19261766356021415 0.4793350661899806 0.21610661284292593 0.4859413685302226
3 0.7006947504860661 0.5827165898617512 0.6840278677900195 0.5827165898617512 0.6840278677900195 0.611110599078341 0.7006947504860661 0.611110599078341
3 0.8429329566198811 0.29047837650089153 0.823311470327208 0.2896297963303378 0.8218115045935749 0.3243130921499371 0.8414329908862481 0.3251616723204908
3 0.9201670203421921 0.5661255169813032 0.9069220814295488 0.5308054763544343 0.8843957130740984 0.5392528158109091 0.8976406519867419 0.574572856437778
3 0.9723386992076739 0.9038685422681574 0.9514063039095089 0.9031762566026226 0.9501373892295755 0.9415439781984316 0.9710697845277405 0.9422362638639665
3 0.024509945275581854 0.5246912442396313 6.425614527987067e-17 0.5246912442396313 6.659962262247867e-17 0.562963133640553 0.024509945275581854 0.562963133640553
3 0.6805554115359689 0.43209907834101385 0.655555411535969 0.43209907834101385 0.655555411535969 0.4827165898617512 0.6805554115359689 0.4827165898617512
3 0.9463083708785893 0.19587341291914476 0.8717996940329273 0.18789047508773543 0.8510965791484191 0.38112280749537997 0.925605255994081 0.38910574532678927
3 0.7350307282813348 0.4969771816065413 0.7177936652700715 0.4960080699122738 0.7160726317285944 0.5266191581639343 0.7333096947398576 0.5275882698582018
3 0.3916008452654849 0.305665259122919 0.37591075688914743 0.19996285801350605 0.35347866514197723 0.20329259790858084 0.3691687535183147 0.30899499901799377
3 0.177352839651402 0.14341473368065188 0.17015047538056277 0.10499891565481656 0.14197452791631102 0.11028146455634183 0.14917689218715027 0.14869728258217713
3 0.5194906252961851 0.6895963854165195 0.49430111936398385 0.6541754994165038 0.46683685678973497 0.6737066654363842 0.4920263627219361 0.7091275514363999
3 0.11133147484886749 0.9684578119141356 0.10924026744942728 0.9163824920452246 0.06278763385273196 0.9182479072043718 0.06487884125217219 0.9703232270732828
3 0.2924050324647544 0.22686523655954866 0.2904244549747504 0.1845929475455198 0.27044465023208203 0.18552905846950768 0.2724252277220861 0.22780134748353653
3 0.013889176928062252 0.28641935483870967 3.515187796243833e-17 0.28641935483870967 3.840248279296316e-17 0.3395057603686636 0.013889176928062255 0.3395057603686636
3 0.9777777057679845 0.7382718894009219 0.9590278677900195 0.7382718894009219 0.9590278677900195 0.7703698156682031 0.9777777057679845 0.7703698156682031
3 0.7777777057679846 0.32716013824884804 0.7576390149060273 0.32716013824884804 0.7576390149060273 0.3617281105990785 0.7777777057679846 0.3617281105990785
3 0.940139642019971 0.5032218981508857 0.9385083632633364 0.46843731586444337 0.9169125322997816 0.4694500869821936 0.9185438110564161 0.5042346692686359
3 0.5872758206532017 0.12285507579438329 0.568952382590717 0.12211888682906302 0.5670873396834454 0.16853903139127085 0.5854107777459301 0.16927522035659112
3 1.020526078753765 0.2991410733708199 0.9693595004106349 0.27611570856466605 0.9300835836789046 0.36339399003255585 0.9812501620220349 0.3864193548387097
3 0.17361114711600778 0.035802995391705096 0.15208360337005833 0.035802995391705096 0.15208360337005833 0.0543214285714286 0.17361114711600778 0.0543214285714286
3 0.3928443521642945 0.5431085111840754 0.3774144452150165 0.5402142953562763 0.3725752881630449 0.5660132500533226 0.38800519511232284 0.5689074658811217
3 0.40277770576798444 0.6925921658986175 0.3694445884640312 0.6925921658986175 0.3694445884640312 0.7481486175115208 0.40277770576798455 0.7481486175115208
3 0.5562840142526443 0.8090132980081961 0.5199565714955229 0.7969387851089269 0.4967971505995289 0.8666163401296536 0.5331245933566502 0.8786908530289228
3 1.0044889615081534 0.8915358635618409 0.9895078792070402 0.8894289971591567 0.9838490065137948 0.929666972116196 0.998830088814908 0.9317738385188802
3 0.6263888528839925 0.7925921658986176 0.611110823071938 0.7925921658986176 0.611110823071938 0.8222223502304148 0.6263888528839925 0.8222223502304148
3 0.2701386908619573 0.8395057603686636 0.23333311730395345 0.8395057603686636 0.23333311730395345 0.8938271889400922 0.2701386908619573 0.8938271889400922
3 0.006250162022035062 0.525926267281106 6.440739198133219e-17 0.525926267281106 6.652406981591838e-17 0.5604942396313365 0.006250162022035065 0.5604942396313365
3 0.4520948804271341 0.32079526776999945 0.4210430277634713 0.31885559461687335 0.41826143001388766 0.36338565544203943 0.44931328267755044 0.36532532859516553
3 0.39644548416272035 0.919926500278935 0.3855963613023086 0.8711019318131534 0.35337447878209793 0.8782618345678601 0.36422360164250966 0.9270864030336418
3 0.5886911591160178 0.32765853102558395 0.5613087859889967 0.3167861476387664 0.5242053837543674 0.41023200657549264 0.5515877568813885 0.42110438996231025
3 0.03441520984443065 0.4801056018664598 0.012534765310031882 0.47395128370189143 0.00408278109885798 0.5040006192729545 0.02596322563325675 0.5101549374375228
3 0.5270836033700583 0.5592592165898618 0.49791639662994164 0.5592592165898618 0.49791639662994164 0.6086417050691245 0.5270836033700583 0.6086417050691245
3 0.9390761959333463 0.4413166837672957 0.9266671370963188 0.41164832693641423 0.9049956566277413 0.420712619837872 0.9174047154647689 0.45038097666875354
3 0.55 0.6123456221198157 0.5173609850939729 0.6123456221198157 0.5173609850939729 0.664197004608295 0.55 0.664197004608295
3 0.1743052495139339 0.035802995391705096 0.15138885288399223 0.035802995391705096 0.15138885288399223 0.0543214285714286 0.1743052495139339 0.0543214285714286
3 0.8095574620851403 0.1440333593097926 0.7543208850799717 0.13368219862562994 0.719453484709103 0.3197440234123178 0.7746900617142717 0.3300951840964805
3 0.999305249513934 0.14320967741935497 0.9805554115359689 0.14320967741935497 0.9805554115359689 0.20987672811059918 0.999305249513934 0.20987672811059918
3 0.6885008845055277 0.17822687190209272 0.6792713629243357 0.13994165376604534 0.662676635085993 0.14394218990439858 0.6719061566671851 0.18222740804044596
3 0.42793078878839913 0.6258935351502158 0.3347219701879457 0.5839504608294932 0.3180957845107189 0.6208983276681533 0.41130460311117234 0.662841401988876
3 0.9400187122002361 0.9442946350590017 0.9340622422319995 0.9125323761328217 0.9121475849343472 0.9166420963627662 0.9181040549025837 0.9484043552889462
3 0.3270836033700583 0.03580299539170511 0.3055554115359689 0.0358029953917051 0.3055554115359689 0.05555529953917056 0.3270836033700583 0.05555529953917056
3 0.9409721322099805 0.7370368663594473 0.9222222942320156 0.7370368663594473 0.9222222942320156 0.7691359447004611 0.9409721322099805 0.7691359447004611
3 0.552495455420376 0.36933270871791113 0.5482049259345322 0.31591481170757907 0.5186334959974228 0.3182899911733523 0.5229240254832666 0.3717078881836844
3 0.9155819333077299 0.3263346996647733 0.8827780815548392 0.31806294479554625 0.8555717265566269 0.42595700720521623 0.8883755783095175 0.43422876207444333
3 0.8502121508776812 0.23684487764872494 0.792433502059278 0.231766828761776 0.7824236920101988 0.3456596471336312 0.8402023408286018 0.3507376960205801
3 0.11527802981205448 0.4580241935483871 0.09097213220998063 0.4580241935483871 0.09097213220998063 0.49259216589861754 0.11527802981205448 0.49259216589861754
3 0.695950233416794 0.17962248075630063 0.6679978026206975 0.17438156603892513 0.6602290994594038 0.21581596236129547 0.6881815302555001 0.22105687707867094
3 0.199033524461007 0.21089745286047426 0.19131305998485354 0.16971820293116138 0.16671481849809283 0.17432998799039323 0.1744352829742463 0.2155092379197061
3 0.7939697218389318 0.0991438496264229 0.7194840735243287 0.07719613702383706 0.6986355761666536 0.14795129361763934 0.7731212244812566 0.1698990062202252
3 0.31736098509397287 0.5691359447004609 0.28888917692806226 0.5691359447004609 0.28888917692806226 0.6197534562211982 0.31736098509397287 0.6197534562211982
3 0.31989655784736 0.829140415276842 0.3146864859141272 0.7920893607596133 0.2903411438929065 0.7955127716401521 0.2955512158261393 0.8325638261573808
3 0.7520836033700583 0.4024688940092168 0.7326390149060272 0.4024688940092168 0.7326390149060272 0.43703686635944716 0.7520836033700583 0.43703686635944716
3 0.9124593833937595 0.370665247381906 0.8900003174002269 0.19097771149921747 0.8151660707284083 0.20033121104119989 0.8376251367219408 0.3800187469238884
3 0.7284113037893414 0.6922631081592548 0.7276130456868344 0.6553486272511353 0.7123961683394893 0.6556776849904978 0.7131944264419963 0.6925921658986175
3 0.7716318490904817 0.4927872312772628 0.7655179010727948 0.4635656456757384 0.7431609747899002 0.4682433208365874 0.7492749228075869 0.49746490643811175
3 0.4398051078333908 0.42163767725735524 0.41033837468445034 0.4204542921513994 0.40844729252624934 0.4675429474319011 0.4379140256751898 0.4687263325378569
3 0.4298613091380429 0.9296301843317973 0.40138885288399234 0.9296301843317973 0.40138885288399234 0.9666670506912443 0.4298613091380429 0.9666670506912443
3 0.9529150169775568 0.6486956851341237 0.9343062865614868 0.6478900948636699 0.9328216966812051 0.682183375050671 0.9514304270972749 0.6829889653211246
3 0.7678449335164094 0.2114977876659772 0.7545626156121548 0.1737188113388219 0.7279086736745498 0.18308979394965408 0.7411909915788043 0.22086877027680937
3 0.3522887450292784 0.2918784658432444 0.34796034614738314 0.26365776910442096 0.3304433437535841 0.2663444700841019 0.3347717426354794 0.2945651668229254
3 0.27510882443963436 0.12096477851295455 0.2379405410800642 0.11774840718985521 0.23242927070580036 0.18143647002970625 0.2695975540653705 0.18465284135280555
3 0.5722222942320156 0.7222223502304148 0.5444445884640312 0.7222223502304148 0.5444445884640313 0.7703698156682028 0.5722222942320158 0.7703698156682028
3 0.5953328886738983 0.4004230879758725 0.570111585172181 0.3943446758862793 0.5596596495523158 0.4377131472178554 0.5848809530540333 0.4437915593074487
3 0.4421468659390945 0.8709404574275285 0.4141603608005898 0.86897343289613 0.41083488102782295 0.9162878182852985 0.4388213861663276 0.9182548428166969
3 0.1486111471160078 0.3432096774193548 0.12430524951393393 0.3432096774193548 0.12430524951393393 0.3876543778801843 0.1486111471160078 0.3876543778801843
3 0.30121040357209167 0.3641693062327691 0.279064258756724 0.3605888708673094 0.2738830797645734 0.39263613008651865 0.296029224579941 0.39621656545197836
3 0.08893029789175134 0.5293057304663225 0.06218553386779709 0.5261348285249089 0.05706615316906015 0.5693139085678168 0.0838109171930144 0.5724848105092304
3 0.25157001264411344 0.9573007589681145 0.2290690254004149 0.953822666508254 0.22708360337005837 0.9666670506912445 0.24958459061375687 0.970145143151105
3 0.8451386908619571 0.17160483870967752 0.7763888528839923 0.17160483870967752 0.7763888528839923 0.3308640552995393 0.8451386908619571 0.3308640552995393
3 0.8454042815686055 0.2798386677701475 0.8160314446850035 0.2775674537664181 0.8124378594316962 0.324042067474943 0.8418106963152981 0.32631328147867233
3 0.999305249513934 0.8864193548387098 0.9826390149060271 0.8864193548387098 0.9826390149060271 0.9456785714285715 0.999305249513934 0.9456785714285715
3 0.5854167206740118 0.9074078341013825 0.5666668826960468 0.9074078341013825 0.5666668826960468 0.9320990783410139 0.5854167206740118 0.9320990783410139
3 0.91250032404407 0.28765437788018444 0.8659721322099806 0.28765437788018444 0.8659721322099806 0.35555529953917064 0.91250032404407 0.35555529953917064
3 0.3272706062544989 0.0600614817332803 0.3097148443660823 0.05808664397174983 0.3001219526630603 0.1433647998994072 0.31767771455147686 0.1453396376609377
3 0.8006540696827373 0.35608980962416814 0.7988703822106151 0.32436432995939446 0.7805262289388514 0.3253956850948652 0.7823099164109737 0.35712116475963884
3 0.09835939656268572 0.9680310415977491 0.09649738756844112 0.9415386804433524 0.07490299336760593 0.9430564370522436 0.07676500236185053 0.9695487982066403
3 0.9313938109905637 0.11229477769023333 0.9057772582500693 0.11013309093595873 0.9017232618785325 0.15817400697334855 0.9273398146190269 0.16033569372762313
3 0.7104167206740117 0.5234562211981567 0.6916668826960467 0.5234562211981567 0.6916668826960467 0.5543214285714286 0.7104167206740117 0.5543214285714286
3 0.6529423671533594 0.40643674087859455 0.6429696611911098 0.31774719039595767 0.6132083325027577 0.32109370617419364 0.6231810384650074 0.40978325665683046
3 0.6659395601256365 0.5956994557016871 0.6468603360018494 0.5947242399753339 0.6454109757466227 0.6230796780577219 0.6644901998704097 0.6240548937840751
3 1.00263151501237 0.29408821697685883 0.9709801244028091 0.2762830277033015 0.9481487878414525 0.31686914788092013 0.9798001784510133 0.3346743371544775
3 0.7471631674928183 0.5677556548287287 0.7317185480838407 0.564696665490993 0.7068794431920992 0.6901075378925906 0.7223240626010767 0.6931665272303263
3 0.7868055735580038 0.5790126728110601 0.7680557355800388 0.5790126728110601 0.7680557355800388 0.6111105990783412 0.7868055735580038 0.6111105990783412
3 0.6229163966299417 0.7061728110599078 0.6006947504860661 0.7061728110599078 0.6006947504860662 0.7493824884792628 0.6229163966299418 0.7493824884792628
3 0.9818963286179152 0.828651416561822 0.9606523168983401 0.824668497055189 0.9544736377085734 0.8576242052738227 0.9757176494281483 0.8616071247804555
3 0.6291665586519768 0.8345679723502304 0.6104167206740119 0.8345679723502304 0.6104167206740119 0.8666670506912443 0.6291665586519768 0.8666670506912443
3 0.5571893531752015 0.13060940091587783 0.48031791471348495 0.11352772675821392 0.47142941537597416 0.15352800562630775 0.5483008538376908 0.17060967978397165
3 0.34834429787730226 0.7070907976895117 0.32817510337160494 0.7039963495875011 0.32325179377968116 0.736085816108772 0.3434209882853785 0.7391802642107825
3 0.6810478570159836 0.10713332584941489 0.6743940138541351 0.059894850017377765 0.6631581935831231 0.06147748757206636 0.6698120367449716 0.1087159634041035
3 0.6979163966299418 0.12851277075469478 0.6666668826960466 0.12851277075469478 0.6666668826960466 0.19629608294930884 0.6979163966299418 0.19629608294930884
3 0.5590278677900196 0.5530864055299539 0.5354167206740117 0.5530864055299539 0.5354167206740117 0.5962960829493088 0.5590278677900196 0.5962960829493088
3 0.1854907629291005 0.2803796406382633 0.1551629609298663 0.22646072198318032 0.12931383757277803 0.24100009173653958 0.15964163957201222 0.29491901039162255
3 0.5777777057679845 0.4864193548387097 0.5541665586519766 0.4864193548387097 0.5541665586519766 0.527160138248848 0.5777777057679845 0.527160138248848
3 0.21041672067401165 0.10864170506912448 0.17777770576798443 0.10864170506912445 0.17777770576798443 0.1604942396313364 0.21041672067401165 0.16049423963133644
3 0.48587199639285555 0.8232904108332605 0.4639912854636156 0.8132203451743127 0.4464551143151099 0.8513237602563386 0.46833582524434975 0.861393825915286
3 0.8136646740967499 0.042280670580526425 0.7584658357924697 0.038012496721696154 0.7552517889331606 0.07957866969338744 0.8104506272374407 0.0838468435522177
3 0.5194113255519268 0.6962369531412705 0.49610616642125127 0.6548085423824777 0.46656575465750255 0.6714262205489935 0.48987091378817815 0.7128546313077864
3 0.7472033475411972 0.5912055723863093 0.7439459772109953 0.5651471350919823 0.7273078286242636 0.567226945594192 0.7305651989544655 0.593285382888519
3 0.6034724562540505 0.6098767281105991 0.5756947504860661 0.6098767281105991 0.5756947504860661 0.658024193548387 0.6034724562540505 0.658024193548387
3 0.7219517081081637 0.21188574209232866 0.7015832275745544 0.20147061726001364 0.6768780226756935 0.24978568723401645 0.6972465032093028 0.2602008120663315
3 0.6062812761640762 0.8217703896657736 0.5889192453984867 0.8205502460056147 0.5866086291162861 0.8534291538661944 0.6039706598818756 0.8546492975263534
3 1.019000446347626 0.6904460582550171 0.977189033063216 0.4302890315536116 0.9337669859662888 0.43726765204233875 0.9755783992506988 0.6974246787437443
3 0.6041251885965783 0.15758382335579446 0.5719208247241939 0.10663725955991943 0.5189720390566767 0.1401072687850691 0.551176402929061 0.19105383258094413
3 0.8990956664181382 0.4654641400885936 0.8986111471160079 0.4308640552995393 0.8011659185884815 0.4322286211498813 0.8016504378906119 0.4668287059389356
3 0.6915884021293973 0.3637447273079119 0.6894524578082997 0.3181989058507909 0.6624860797472922 0.31946353738530403 0.6646220240683898 0.365009358842425
3 0.4263705647357826 0.6334607951912217 0.33497889782489293 0.584703889628164 0.31672596427991007 0.6189178333439364 0.40811763119079975 0.667674738906994
3 0.754821571072288 0.10953288270087143 0.7341786319070225 0.08873972598112223 0.7287403156846204 0.09413875376962041 0.7493832548498858 0.11493191048936961
3 0.7977349961060101 0.24327020712053296 0.7839253212079262 0.10659335672725637 0.7548225622216994 0.10953386668984803 0.7686322371197832 0.24621071708312461
3 0.8944445884640311 0.1876543778801844 0.8659721322099806 0.1876543778801844 0.8659721322099806 0.23456797235023047 0.8944445884640311 0.23456797235023047
3 0.7944445884640311 0.3888894009216591 0.7770836033700583 0.3888894009216591 0.7770836033700583 0.4209873271889403 0.7944445884640311 0.4209873271889403
3 0.768749837977965 0.1740737327188941 0.7291665586519767 0.1740737327188941 0.7291665586519767 0.2555552995391706 0.768749837977965 0.2555552995391706
3 0.9100045446320701 0.3086605267979595 0.881535654715227 0.3039510884022122 0.8747582989559559 0.34492068579883634 0.9032271888727991 0.34963012419458367
3 0.13452129328379483 0.6262554873782921 0.12028662619792314 0.5187227430216679 0.08925344421501795 0.5228307662734217 0.10348811130088961 0.630363510630046
3 0.3853791077661012 0.4431745180202159 0.28915439342640686 0.357647597383033 0.24869692481691316 0.4031655270694105 0.3449216391566075 0.48869244770659337
3 0.4888891769280622 0.12098732718894015 0.4652780298120544 0.12098732718894015 0.4652780298120544 0.1592592165898618 0.4888891769280622 0.1592592165898618
3 0.586805573558004 0.041975806451612974 0.5590278677900196 0.041975806451612974 0.5590278677900196 0.10000000000000009 0.586805573558004 0.10000000000000009
3 0.2625003240440701 0.9148145161290323 0.23958327932598844 0.9148145161290323 0.23958327932598844 0.9506175115207374 0.2625003240440701 0.9506175115207374
3 1.002186837828367 0.3975046528820863 0.9764701936657172 0.38689631327878893 0.9610597852038019 0.42425409080440435 0.9867764293664516 0.43486243040770167
3 0.3243052495139339 0.060494239631336454 0.2993052495139339 0.060494239631336454 0.2993052495139339 0.22963018433179724 0.3243052495139339 0.22963018433179724
3 0.9020836033700583 0.40493778801843333 0.8805554115359688 0.40493778801843333 0.8805554115359688 0.4395057603686638 0.9020836033700583 0.4395057603686638
3 0.7965275437459494 0.5419758064516131 0.7791665586519766 0.5419758064516131 0.7791665586519766 0.570369815668203 0.7965275437459494 0.570369815668203
3 0.5104960510950007 0.1622053769741111 0.48375369995797557 0.16113147473564288 0.48197626377777947 0.20539325271857853 0.5087186149148046 0.20646715495704676
4 0.32397631682121764 0.8933396803608928 0.30435875898345194 0.8913334500635631 0.3012134857967751 0.9220889314942509 0.3208310436345408 0.9240951617915807
4 0.5854167206740118 0.7987649769585253 0.5666668826960468 0.7987649769585253 0.5666668826960468 0.8246912442396314 0.5854167206740118 0.8246912442396314
4 0.6660018983268107 0.5957666492065992 0.6469645376923321 0.5946963201832147 0.6453731842244506 0.6230008594446022 0.6644105448589291 0.6240711884679867
4 0.18680557355800392 0.3234562211981567 0.16319442644199617 0.3234562211981567 0.16319442644199617 0.3666670506912443 0.18680557355800392 0.3666670506912443
4 0.8604167206740116 0.3728398617511522 0.8381944264419963 0.3728398617511522 0.8381944264419963 0.40864170506912467 0.8604167206740116 0.40864170506912467
4 0.6918445510329778 0.3636398654969701 0.6892821021720186 0.318105496002849 0.6622147816391578 0.31962871078410565 0.6647772305001171 0.36516308027822675
4 0.0784724562540506 0.3716048387096774 0.05069475048606614 0.3716048387096774 0.05069475048606614 0.4296301843317972 0.0784724562540506 0.4296301843317972
4 0.6046595912479786 0.30803243855085266 0.6025161931698236 0.26232412255930954 0.5682741605150964 0.26392983271056164 0.5704175585932514 0.30963814870210477
4 0.9933676926229384 0.11878657655771523 0.962693146107911 0.07566348601234045 0.9365456319090264 0.0942628751192526 0.9672201784240538 0.13738596566462738
4 0.8595744567477579 0.10131138143150346 0.8320067798375248 0.09821037326681617 0.8263060189452555 0.14888961242851578 0.8538736958554886 0.15199062059320306
4 0.22555724790646936 0.08618550734849853 0.20346445360949383 0.05715565107553065 0.18385669264222598 0.07207788236737117 0.2059494869392015 0.10110773864033903
4 0.6434747782280266 0.5319465732042703 0.636337348651627 0.48542577186861663 0.6125904313945659 0.4890691302096726 0.6197278609709654 0.5355899315453263
4 0.9777777057679845 0.7382718894009219 0.9590278677900195 0.7382718894009219 0.9590278677900195 0.7703698156682031 0.9777777057679845 0.7703698156682031
4 0.8 0.3246912442396314 0.781944264419961 0.3246912442396314 0.781944264419961 0.35555529953917064 0.8 0.35555529953917064
4 0.9591001439136798 0.3499057875050326 0.9296972776515187 0.34880371802753424 0.9278036834663344 0.39932421398407464 0.9572065497284955 0.400426283461573
4 0.5323035531857663 0.5639588808986236 0.5056209844469327 0.5549523051900066 0.48970048097580826 0.6021178364605309 0.5163830497146418 0.6111244121691477
4 0.341913459042745 0.15336346307102544 0.3205175639806164 0.15095647618334676 0.31658353893457614 0.18592633309770662 0.3379794339967047 0.18833331998538527
4 0.5300075196056061 0.8941059432410696 0.4996606350296039 0.8894510416840102 0.4915293218978792 0.9424618342936965 0.5218762064738813 0.947116735850756
4 0.013889176928062252 0.28641935483870967 3.507625461170758e-17 0.28641935483870967 3.82513066356721e-17 0.3382718894009217 0.013889176928062255 0.3382718894009217
4 0.14965127136279371 0.3869971696371231 0.1474264174146361 0.343510494325957 0.12419189894906602 0.34469921270398374 0.12641675289722365 0.3881858880151498
4 0.222314423609484 0.4426079813413929 0.2015054689264854 0.44104661475705675 0.19851115629771493 0.4809530124114608 0.21932011098071352 0.4825143789957969
4 0.5590278677900196 0.5530864055299539 0.5354167206740117 0.5530864055299539 0.5354167206740117 0.5962960829493088 0.5590278677900196 0.5962960829493088
4 0.7692002370027875 0.21013754101463075 0.7547070065140195 0.1733310056084584 0.7274713759654636 0.18405552142314047 0.7419646064542317 0.22086205682931284
4 0.9143923515698285 0.571008858572557 0.9119841716893202 0.5324967283942061 0.8889263249786923 0.5339385453562706 0.8913345048592006 0.5724506755346214
4 0.6805554115359689 0.43333294930875577 0.6562501620220351 0.43333294930875577 0.6562501620220351 0.48395046082949317 0.6805554115359689 0.48395046082949317
4 0.7359102932935764 0.49828452375046217 0.7185944802503391 0.4954850229832372 0.7140322323405824 0.5237039943038109 0.7313480453838196 0.5265034950710359
4 0.21041672067401165 0.10864170506912448 0.17916655865197667 0.10864170506912445 0.17916655865197667 0.15925921658986178 0.21041672067401165 0.1592592165898618
4 0.5912478428847006 0.39560313713537976 0.5666345626622677 0.394614732765417 0.5648404015715782 0.43929299505495456 0.5894536817940111 0.4402813994249174
4 0.2916668826960466 0.1851854838709678 0.27152754374594945 0.1851854838709678 0.27152754374594945 0.22716013824884795 0.2916668826960466 0.22716013824884795
4 0.4848004166228762 0.8242094555025725 0.46320140522722875 0.8144901075500453 0.44690911839682135 0.8506959611350722 0.4685081297924686 0.8604153090875993
4 0.9421989952132261 0.4721559195935988 0.9203894893618564 0.46847507147997625 0.9148323512945844 0.5014018403804622 0.936641857145954 0.5050826884940848
4 0.8778857121800081 0.47038600435379774 0.8582516403250378 0.46721466465379374 0.8535697287307824 0.49620083370408896 0.8732038005857529 0.49937217340409285
4 0.6034724562540505 0.611110599078341 0.5763888528839922 0.611110599078341 0.5763888528839922 0.658024193548387 0.6034724562540505 0.658024193548387
4 0.9020836033700583 0.40617281105990805 0.8812501620220351 0.40617281105990805 0.8812501620220351 0.44074078341013845 0.9020836033700583 0.44074078341013845
4 0.941768574762369 0.7378674166132666 0.9234757031714537 0.7367247410923305 0.9215552543982316 0.7674688343732513 0.9398481259891467 0.7686115098941874
4 0.6263888528839925 0.7925921658986176 0.611805573558004 0.7925921658986176 0.611805573558004 0.8222223502304148 0.6263888528839925 0.8222223502304148
4 0.5761171204526229 0.2327401548092846 0.5732715223908424 0.20070992492212594 0.5427377663669205 0.203422574730343 0.5455833644287009 0.23545280461750165
4 0.6466348957310466 0.3245015620817917 0.6286989600292108 0.31441187174530855 0.6055606508841797 0.3555436816655656 0.6234965865860154 0.36563337200204876
4 0.2771640759662717 0.12269597487915898 0.24119818103216412 0.11707595739669055 0.23132926133812326 0.1802331504012078 0.2672951562722308 0.18585316788367623
4 0.5521309998937605 0.6130681663485598 0.5201208313805832 0.610067230342997 0.515096795997894 0.6636572498962101 0.5471069645110712 0.6666581859017728
4 0.999305249513934 0.14320967741935497 0.9805554115359689 0.14320967741935497 0.9805554115359689 0.20864170506912455 0.999305249513934 0.20864170506912455
4 0.40277770576798444 0.6950622119815668 0.3694445884640312 0.6950622119815668 0.3694445884640312 0.7456785714285715 0.40277770576798455 0.7456785714285715
4 0.5525898948182384 0.3696064945682565 0.5475316041761988 0.31563009209369175 0.5187336901630739 0.3183288310293126 0.5237919808051135 0.37230523350387734
4 0.8805554115359688 0.39629608294930885 0.8611108230719378 0.39629608294930885 0.8611108230719378 0.4283951612903228 0.8805554115359688 0.4283951612903228
4 0.824305249513934 0.35185138248847936 0.8048613091380428 0.35185138248847936 0.8048613091380428 0.38641935483870976 0.824305249513934 0.38641935483870976
4 0.19730021183140883 0.1744747494578033 0.17309194509183162 0.1722052375287687 0.16940846875559995 0.21149587818838733 0.19361673549517716 0.21376539011742196
4 0.4524666124998958 0.3237497791739018 0.42215631582167823 0.320339943480921 0.4175175284524005 0.36157448791348973 0.447827825130618 0.36498432360647054
4 0.7789127730931152 0.3589095440089922 0.7754964973255845 0.3265217802036524 0.7576826009963884 0.3284007979314742 0.7610988767639192 0.360788561736814
4 0.7704965698675865 0.4926683028828444 0.7661646099351351 0.4618618791557699 0.7450544897879168 0.4648303572711513 0.7493864497203682 0.49563678099822583
4 0.4315541411401164 0.9646270760104233 0.4276015869335062 0.9290328419101023 0.3996204712084276 0.9321399989949575 0.4035730254150379 0.9677342330952785
4 0.9506947504860662 0.6493824884792628 0.9333331173039534 0.6493824884792628 0.9333331173039534 0.6827165898617513 0.9506947504860662 0.6827165898617513
4 0.5513888528839923 0.12839516129032263 0.5284724562540506 0.12839516129032263 0.5284724562540506 0.16790092165898624 0.5513888528839923 0.16790092165898626
4 0.3104167206740117 0.3135806451612903 0.2854167206740117 0.3135806451612903 0.2854167206740117 0.3493824884792627 0.3104167206740117 0.3493824884792627
4 0.2649835020935478 0.9486026946878336 0.25988086142726924 0.9141734558768304 0.23792082290067945 0.9174280786767689 0.2430234635669581 0.9518573174877721
4 0.5854167206740118 0.9074078341013825 0.5666668826960468 0.9074078341013825 0.5666668826960468 0.9320990783410139 0.5854167206740118 0.9320990783410139
4 0.09944982084329287 0.9674600349973635 0.09670378541289269 0.9406084273069952 0.07464932194658372 0.9428638728198042 0.0773953573769839 0.9697154805101725
4 0.9291665586519766 0.1123456221198158 0.9034724562540506 0.11234562211981577 0.9034724562540506 0.1580241935483872 0.9291665586519766 0.15802419354838723
4 0.7513888528839923 0.4037039170506914 0.7326390149060272 0.4037039170506914 0.7326390149060272 0.4358029953917052 0.7513888528839923 0.4358029953917052
4 1.002044116511401 0.2938973827452864 0.9709204706132931 0.27638907124848944 0.9485365657438442 0.3161798145820839 0.9796602116419519 0.3336881260788808
4 0.9777777057679845 0.827160138248848 0.9569442644199612 0.827160138248848 0.9569442644199612 0.8592592165898617 0.9777777057679845 0.8592592165898617
4 0.34696073295354485 0.7369492830838198 0.34363016099485594 0.7043818913345353 0.32457464305261186 0.7063306434546103 0.32790521501130077 0.7388980352038947
4 0.5806804636159146 0.5248282002247507 0.575587045901261 0.4855947221560347 0.5522095698540208 0.4886296621227223 0.5573029875686745 0.5278631401914383
4 0.4895832793259884 0.11975345622119819 0.4652780298120544 0.11975345622119819 0.4652780298120544 0.15802419354838715 0.4895832793259884 0.15802419354838715
4 0.6283587811547445 0.7408731260487713 0.6170695754849843 0.7047450244614704 0.5950670743604505 0.7116203029712966 0.6063562800302107 0.7477484045585976
4 0.6991497234441655 0.18716130489353602 0.6761780069001544 0.1728051812116052 0.6544617889896287 0.20755403217591245 0.6774335055336398 0.22191015585784327
4 0.8981297291522712 0.4626032080837912 0.8970433284009468 0.4305174126681452 0.8017213177072036 0.43374494381374795 0.8028077184585278 0.46583073922939383
4 0.8984187732208616 0.19108290959509264 0.8715753268497977 0.18569008031262133 0.8623234789700914 0.23174224873548788 0.8891669253411554 0.23713507801795916
4 0.731250162022035 0.3308640552995393 0.7027777057679845 0.3308640552995393 0.7027777057679845 0.37530875576036876 0.731250162022035 0.37530875576036876
4 0.6077342967165594 0.8230238703168953 0.5906128280419101 0.8202555549399012 0.5854666045792548 0.8520839024399143 0.6025880732539042 0.8548522178169083
4 0.756250162022035 0.5074078341013827 0.7409721322099805 0.5074078341013827 0.7409721322099805 0.5358029953917053 0.756250162022035 0.5358029953917053
4 0.8365228037022675 0.19421888442677213 0.8317658665704564 0.14874736743115352 0.8022761628825726 0.1518323902266876 0.8070331000143838 0.19730390722230623
4 0.909387235401325 0.30870194447975985 0.8812045700247981 0.30497192438388004 0.8758694203896125 0.34528236053091976 0.9040520857661394 0.3490123806267996
4 0.4394349411256222 0.4215194548573109 0.4109109355343719 0.4205162346346237 0.40925439258070373 0.467615804005353 0.437778398171954 0.46861902422804025
4 0.6853223987197758 0.177274557327506 0.6784371620704952 0.14055022789383909 0.6636777163524655 0.14331739282640515 0.6705629530017462 0.18004172226007206
4 0.3895832793259884 0.8716048387096775 0.35972197018794566 0.8716048387096775 0.35972197018794566 0.9259262672811059 0.3895832793259884 0.9259262672811059
4 1.0009382129986624 0.39633936948901005 0.9752115252144687 0.3872960786612367 0.9616341311506342 0.4259215508102111 0.987360818934828 0.43496484163798443
4 0.44742255411247 0.9125454361527041 0.43652486085221065 0.8665689124162966 0.4076609957388966 0.8734104376719636 0.4185586889991558 0.919386961408371
4 0.5918592952949107 0.04453831640330841 0.5659869255071929 0.038941248974737074 0.5536782084149097 0.09583813011615983 0.5795505782026276 0.10143519754473115
1 0.4020836033700584 0.6938271889400921 0.37013869086195733 0.6938271889400921 0.37013869086195733 0.7469135944700461 0.40208360337005844 0.7469135944700461
1 0.5847219701879458 0.7987649769585253 0.5666668826960468 0.7987649769585253 0.5666668826960468 0.825926267281106 0.5847219701879458 0.825926267281106
1 0.5724418829923767 0.7237770904983669 0.546413872852394 0.7228006054728473 0.544646542182803 0.7699084457229785 0.5706745523227856 0.7708849307484981
1 0.06495231496644469 0.3641381234732767 0.06102888279340868 0.31879906771744687 0.03531305529770194 0.3210243964824802 0.03923648747073795 0.36636345223831
1 0.3921581276554984 0.8732288175744444 0.3629845692797408 0.8695820492588213 0.3564079945296134 0.92219358659269 0.385581552905371 0.9258403549083131
1 0.7143887443351659 0.5337305693952585 0.6964655679881467 0.5301599285914445 0.6807445554167624 0.6090730694399029 0.6986677317637816 0.6126437102437169
1 0.938194426441996 0.9148145161290323 0.9159721322099805 0.9148145161290323 0.9159721322099805 0.9456785714285715 0.938194426441996 0.9456785714285715
1 0.8636895723260576 0.3744766068463595 0.8416396050182525 0.37116918225053447 0.8362500794940697 0.40710011829147214 0.8583000468018748 0.4104075428872972
1 0.6916422051378253 0.363700841092902 0.6893113111417772 0.31814152225544584 0.6623613768449467 0.31952032776986733 0.6646922708409947 0.3650796466073235
1 0.5926683666918843 0.39750055051686434 0.5679866126408557 0.3948969562457488 0.5631446139935788 0.44079850897742495 0.5878263680446074 0.4434021032485405
1 0.37672745695037996 0.22829587967989623 0.37318755040692453 0.19055133551009035 0.35092948612218733 0.19263882839520044 0.3544693926656428 0.23038337256500632
1 0.7829887139116339 0.5027543052072323 0.7655909376883867 0.5005797648173317 0.7616941471400775 0.5317566931757175 0.7790919233633248 0.5339312335656181
1 0.5759610922138969 0.2326518706005815 0.5726050744006301 0.20054177465675688 0.54276264731246 0.2036607848607197 0.5461186651257269 0.23577088080454436
1 0.08100169839031092 0.26181623891882555 0.052153869863025316 0.25640856410858015 0.04390463402266911 0.3004150085332472 0.07275246254995471 0.30582268334349255
1 0.6820161950460496 0.4835083037869136 0.6801922045272792 0.43164779043279733 0.6548327619466799 0.43253970954112686 0.6566567524654502 0.4844002228952432
1 0.9933328530398654 0.12076599110627653 0.9654445054668495 0.07394305489996018 0.9383365968220885 0.09008887657443858 0.9662249443951044 0.13691181278075493
1 0.867628076052797 0.10930681552060309 0.8399199654980165 0.09631871354048886 0.8192683484688829 0.14037575040810296 0.8469764590236635 0.1533638523882172
1 0.2145832793259883 0.061728110599078366 0.18750032404406997 0.061728110599078366 0.18750032404406997 0.09876497695852536 0.2145832793259883 0.09876497695852536
1 0.35463454044597437 0.8083928013862526 0.33579677148933945 0.8033737960407864 0.3254621723527363 0.8421625155966705 0.34429994130937114 0.8471815209421367
1 0.8 0.3259262672811061 0.781944264419961 0.3259262672811061 0.781944264419961 0.3567903225806453 0.8 0.3567903225806453
1 0.9583331173039534 0.3493824884792628 0.9284724562540505 0.3493824884792628 0.9284724562540505 0.4000000000000002 0.9583331173039534 0.4000000000000002
1 0.31736098509397287 0.5691359447004609 0.28888917692806226 0.5691359447004609 0.28888917692806226 0.6197534562211982 0.31736098509397287 0.6197534562211982
1 0.7520836033700583 0.4037039170506914 0.7326390149060272 0.4037039170506914 0.7326390149060272 0.4358029953917052 0.7520836033700583 0.4358029953917052
1 0.005555411535968956 0.5283951612903226 6.470974429591431e-17 0.5283951612903226 6.652399927174792e-17 0.5580241935483872 0.005555411535968958 0.5580241935483872
1 0.29289238519450284 0.18592323251709342 0.2725535987317187 0.1848826648250666 0.2704280243954549 0.22642883511970288 0.290766810858239 0.22746940281172973
1 0.09112386870790878 0.5318850123801557 0.06599680605987406 0.5258266208944097 0.05571687041298272 0.5684624570936605 0.08084393306101745 0.5745208485794066
1 0.8805554115359688 0.39629608294930885 0.8604167206740116 0.39629608294930885 0.8604167206740116 0.42963018433179745 0.8805554115359688 0.42963018433179745
1 0.7118298891523493 0.5535748391022451 0.7103375380991256 0.5243758474686423 0.6910701124535569 0.5253605993845949 0.6925624635067806 0.5545595910181977
1 0.5270836033700583 0.5592592165898618 0.4972222942320156 0.5592592165898618 0.4972222942320156 0.6086417050691245 0.5270836033700583 0.6086417050691245
1 0.7659721322099806 0.17777764976958538 0.7236111471160077 0.17777764976958538 0.7236111471160077 0.25308640552995404 0.7659721322099806 0.25308640552995404
1 0.9150229150416699 0.5708999285602363 0.9119094973796177 0.5321527999824867 0.8895340517906224 0.5339507166294785 0.8926474694526746 0.5726978452072281
1 0.713822203631738 0.5259055239520869 0.6931608208755909 0.522419532243773 0.6791771210681748 0.6053005595792733 0.6998385038243219 0.6087865512875871
1 0.5799190145665367 0.5252002725343796 0.5753663190641433 0.4847372992736199 0.5525985475735598 0.48729901737072334 0.5571512430759532 0.527761990631483
1 0.33429050214456113 0.06246270546490547 0.3136218644418284 0.04999249542303206 0.2963027166392836 0.07869796149368224 0.3169713543420163 0.09116817153555565
1 0.8440927960023824 0.13539193208984843 0.794937167253803 0.13418923080504905 0.7927937919576502 0.22179116626331505 0.8419494207062295 0.22299386754811445
1 0.7362389010453587 0.4983396187986625 0.7195857848825883 0.49578520118911085 0.7150561769427887 0.5253152541104615 0.7317092931055591 0.5278696717200132
1 0.17563699353588777 0.14418865849967058 0.17086770129037507 0.10661024208443608 0.14326710355152167 0.11011319216388815 0.14803639579703437 0.14769160857912264
1 0.7972222942320155 0.5419758064516131 0.7791665586519766 0.5419758064516131 0.7791665586519766 0.570369815668203 0.7972222942320155 0.570369815668203
1 0.30237105401627706 0.36538658457831646 0.28108757679883006 0.3605979042788621 0.2740126671121089 0.39204261758536163 0.295296144329556 0.39683129788481597
1 0.3486111471160078 0.264197004608295 0.33125016202203506 0.264197004608295 0.33125016202203506 0.2938271889400922 0.3486111471160078 0.2938271889400922
1 0.1886986927824696 0.3238052061408179 0.16392661130593192 0.3226445633628341 0.1618351210588502 0.36728410947545825 0.18660720253538787 0.3684447522534421
1 0.9424498296605638 0.826216790705683 0.8372186104076439 0.4520882853893825 0.6406159171620694 0.5073867746107497 0.7458471364149893 0.88151527992705
1 0.3458334413480234 0.7049377880184331 0.3256947504860662 0.7049377880184331 0.3256947504860662 0.7382718894009217 0.3458334413480234 0.7382718894009217
1 0.02638885288399226 0.28024654377880187 3.454710278910365e-17 0.28024654377880187 3.8553658950254214e-17 0.3456785714285714 0.026388852883992266 0.3456785714285714
1 0.9902080899572795 0.6872191988885783 0.9810660295862468 0.6303355718599908 0.9650124720360946 0.6329156216908424 0.9741545324071273 0.68979924871943
1 0.9802975361716328 0.7682790129062806 0.9755510745136086 0.7373352169280308 0.9574171620367613 0.7401167735393084 0.9621636236947857 0.7710605695175582
1 0.318308928306703 0.8298637566823315 0.3147824668706852 0.7922479512759821 0.29195095278939215 0.7943883933870526 0.29547741422541 0.8320041987934019
1 0.7875141561094066 0.3208208087708348 0.7575065510629665 0.3108924694450391 0.7412978833866166 0.3598818605204622 0.7713054884330568 0.3698101998462579
1 0.9395832793259883 0.46913594470046094 0.9173609850939728 0.46913594470046094 0.9173609850939728 0.5037039170506914 0.9395832793259883 0.5037039170506914
1 0.8326390149060272 0.14938248847926275 0.8055554115359689 0.14938248847926275 0.8055554115359689 0.1950622119815669 0.8326390149060272 0.1950622119815669
1 0.875694750486066 0.46790092165898634 0.8555554115359689 0.46790092165898634 0.8555554115359689 0.49753110599078365 0.875694750486066 0.49753110599078365
1 0.5508012485885302 0.6649691817485632 0.5490022150093624 0.6105694576127147 0.5175414787599952 0.6116098842295228 0.519340512339163 0.6660096083653713
1 0.9083065300015922 0.4357284907566569 0.8969312963654417 0.4042692694897392 0.8001596065369979 0.4392606181891818 0.8115348401731485 0.4707198394560995
1 0.1743052495139339 0.035802995391705096 0.15138885288399223 0.035802995391705096 0.15138885288399223 0.0543214285714286 0.1743052495139339 0.0543214285714286
1 0.22396113464323078 0.44215443512380104 0.2015111226698017 0.4399256176958087 0.19740481147775996 0.4812868948781223 0.2198548234511891 0.4835157123061147
1 0.5767112318433952 0.7582031149205569 0.5446800396243304 0.7453342284698721 0.4964310540416449 0.8654279551101934 0.5284622462607096 0.8782968415608783
1 0.9402780298120543 0.7358029953917054 0.9222222942320156 0.7358029953917054 0.9222222942320156 0.7691359447004611 0.9402780298120543 0.7691359447004611
1 0.03548898526365842 0.4795212246302828 0.01418906737022052 0.47286548731546796 0.004556901612250597 0.5036906731779076 0.0258568195056885 0.5103464104927224
1 0.18317288754971855 0.2835258993062077 0.15808019868500975 0.22841974498751227 0.1344706287576578 0.23917040613854162 0.15956331762236659 0.29427656045723705
1 0.2909721322099806 0.18641935483870975 0.27152754374594945 0.18641935483870975 0.27152754374594945 0.22592626728110604 0.2909721322099806 0.22592626728110604
1 0.2701655626272554 0.8399951801049378 0.23470583162485678 0.838748022894887 0.23278392051432176 0.8933926582631241 0.26824365151672036 0.8946398154731747
1 0.45345922636753466 0.3259956804959076 0.4232702193411349 0.3203357144518988 0.4156206939884246 0.3611365907868437 0.44580970101482437 0.36679655683085255
1 0.029166558651976714 0.37036981566820276 4.535722092588598e-17 0.37036981566820276 5.3748379457670454e-17 0.5074078341013826 0.029166558651976725 0.5074078341013826
1 0.5130603744068419 0.6955996224351796 0.5090216143186963 0.6561073419489799 0.4735337811880386 0.6597365789111997 0.4775725412761842 0.6992288593973994
1 0.9136293138172142 0.3596178143140126 0.9078251527757031 0.28775261435674826 0.8532273613558147 0.2921621807964203 0.8590315223973258 0.36402738075368457
1 0.45277770576798443 0.7839504608294932 0.4489208070845109 0.7291199275505699 0.4211940676889334 0.731070286561813 0.425050966372407 0.7859008198407363
1 0.8423150898610098 0.292092946668977 0.8235607151634337 0.29092132159661094 0.8215794838385173 0.32263518254618784 0.8403338585360934 0.3238068076185539
1 0.999305249513934 0.14320967741935497 0.9805554115359689 0.14320967741935497 0.9805554115359689 0.20864170506912455 0.999305249513934 0.20864170506912455
1 0.5124704039767524 0.15774926875540948 0.48484585032942284 0.15535876765787057 0.4807206824063813 0.20302907523966768 0.5083452360537108 0.2054195763372066
1 0.630829505226868 0.8651572184004829 0.6270952501382673 0.8352806823316492 0.6089378048253475 0.8375501734265856 0.6126720599139481 0.8674267094954192
1 0.7538257544221908 0.5823055527225802 0.739538307323507 0.5615596029011289 0.6587921788027167 0.6171683385624599 0.6730796259014007 0.6379142883839112
1 0.30972197018794556 0.3135806451612903 0.2861108230719378 0.3135806451612903 0.2861108230719378 0.35185138248847925 0.30972197018794556 0.35185138248847925
1 0.07928784169067948 0.826884616643858 0.06361537212391907 0.825625298977022 0.06117801491417404 0.8559587149998638 0.07685048448093444 0.8572180326666998
1 0.6973895129114374 0.1784175149251377 0.6703604031332557 0.17081591718005348 0.6585716843514512 0.21273323308953618 0.6856007941296328 0.22033483083462038
1 0.5520836033700584 0.12839516129032263 0.5291665586519767 0.12839516129032263 0.5291665586519767 0.16913594470046087 0.5520836033700584 0.1691359447004609
1 0.18005023339645004 0.2860711621230345 0.15959314904726546 0.2289142444263323 0.13569794774722613 0.23746659763630698 0.15615503209641066 0.2946235153330092
1 0.6783418021971269 0.05695838247807443 0.5552519033475465 0.018498623789371615 0.5473989190405527 0.04363198595732372 0.6704888178901331 0.08209174464602653
1 0.7777777057679846 0.32716013824884804 0.7576390149060273 0.32716013824884804 0.7576390149060273 0.3617281105990785 0.7777777057679846 0.3617281105990785
1 0.5854167206740118 0.9074078341013825 0.5666668826960468 0.9074078341013825 0.5666668826960468 0.9320990783410139 0.5854167206740118 0.9320990783410139
1 0.7847302594018206 0.40478476428923216 0.7791665586519766 0.4024688940092167 0.7712608494326811 0.42146175414089493 0.776824550182525 0.42377762442091027
1 0.7713596705621661 0.46168690571674664 0.7495682712868563 0.4586226270010794 0.744578842019232 0.4941045969572765 0.7663702412945418 0.49716887567294377
1 0.32406403323243105 0.893502485359471 0.3044516200923872 0.8912961359112828 0.3010055237598404 0.9219287562560767 0.32061793689988416 0.9241351057042649
1 0.9506947504860662 0.6493824884792628 0.9340278677900195 0.6493824884792628 0.9340278677900195 0.6814815668202766 0.9506947504860662 0.6814815668202766
1 0.7618055735580038 0.1765437788018434 0.7340278677900194 0.1765437788018434 0.7340278677900194 0.21728341013824895 0.7618055735580038 0.21728341013824895
1 0.3402780298120544 0.15308640552995395 0.3173609850939728 0.15308640552995395 0.3173609850939728 0.18765437788018438 0.3402780298120544 0.18765437788018438
1 0.35494149487221566 0.8060056901990711 0.33641096694726214 0.8010685440368185 0.3255081785027859 0.8419898412985646 0.34403870642773937 0.8469269874608172
1 0.44166688269604687 0.8691359447004607 0.4125003240440702 0.8691359447004607 0.4125003240440702 0.9172834101382488 0.44166688269604687 0.9172834101382488
1 0.1486111471160078 0.34444470046082953 0.12430524951393393 0.34444470046082953 0.12430524951393393 0.3876543778801843 0.1486111471160078 0.3876543778801843
1 1.0011241956378292 0.2659642824622312 0.9592782813339464 0.2622431778763866 0.9524052479431928 0.3395343046486065 0.9942511622470755 0.34325540923445114
1 0.0832256539739784 0.3707203039493078 0.05471468334260551 0.3670751421548106 0.046704890327500935 0.42972448017919396 0.07521586095887382 0.43336964197369116
1 0.11238022716820632 0.9661942851941031 0.1031215283212239 0.9141346467751588 0.05777270002719011 0.9221998419434214 0.06703139887417253 0.9742594803623659
1 0.4291665586519768 0.9296301843317973 0.40138885288399234 0.9296301843317973 0.40138885288399234 0.9666670506912443 0.4291665586519768 0.9666670506912443
1 0.8252944544869291 0.38540771033303517 0.8227086444198697 0.35092950785801963 0.8041557865721588 0.352320942537078 0.8067415966392181 0.3867991450120935
1 0.9297461144464638 0.11275971807230827 0.904191898984321 0.111732501598745 0.9023001681942953 0.1587933670042532 0.9278543836564381 0.15982058347781647
1 0.6027777057679844 0.6098767281105991 0.5763888528839922 0.6098767281105991 0.5763888528839922 0.6592592165898618 0.6027777057679844 0.6592592165898618
1 0.5590278677900196 0.5530864055299539 0.5354167206740117 0.5530864055299539 0.5354167206740117 0.5962960829493088 0.5590278677900196 0.5962960829493088
1 0.28097070215285924 0.12451067311022594 0.24478119557761588 0.11493119686252747 0.22817293465887886 0.1776741644508017 0.2643624412341222 0.1872536406985002
1 1.0030192929147612 0.2934000357517548 0.971895154717482 0.27589144731673365 0.9488704215041013 0.31682135900826275 0.9799945597013805 0.3343299474432838
1 0.7866727731649644 0.6107589114871005 0.7852329135735985 0.5800273894471757 0.7676790590770105 0.5808498376724709 0.7691189186683765 0.6115813597123957
1 0.6229163966299417 0.7074078341013825 0.6013888528839921 0.7074078341013825 0.6013888528839922 0.7469135944700461 0.6229163966299418 0.7469135944700461
1 0.9777777057679845 0.827160138248848 0.9562501620220349 0.827160138248848 0.9562501620220349 0.8604942396313364 0.9777777057679845 0.8604942396313364
1 0.13213416075517653 0.6299762603694247 0.1296087196853616 0.5760998737586978 0.10021771532566355 0.5774775691492477 0.10274315639547849 0.6313539557599748
1 0.5875003240440699 0.12098732718894019 0.556250162022035 0.12098732718894019 0.556250162022035 0.17036981566820286 0.5875003240440699 0.17036981566820286
1 0.9178873117357469 0.178549521053028 0.8537655520424922 0.1668389750596084 0.8308138218704698 0.2925124771714504 0.8949355815637245 0.30422302316487
1 0.582402661933426 0.7222891324099869 0.5537405846101168 0.7125448131980427 0.5026430934144575 0.8628436911208748 0.5313051707377667 0.8725880103328191
1 0.4395832793259884 0.42098732718894005 0.4097219701879456 0.42098732718894005 0.4097219701879456 0.4679009216589861 0.4395832793259884 0.4679009216589861
1 0.21041672067401165 0.10864170506912448 0.17708360337005832 0.10864170506912445 0.17708360337005832 0.1604942396313364 0.21041672067401165 0.16049423963133644
1 0.4844986774872785 0.8223052894632946 0.4632446286130527 0.8136109316548396 0.447673751972223 0.8516751775059708 0.46892780084644875 0.8603695353144257
1 0.6034724562540505 0.26419700460829504 0.568749837977965 0.26419700460829504 0.568749837977965 0.30740783410138256 0.6034724562540505 0.30740783410138256
1 0.6078577169303438 0.8218967937313163 0.5906631273836548 0.8194793826077322 0.5860405574189389 0.8523588512337807 0.6032351469656281 0.8547762623573648
1 0.9062676678931133 0.43585457231544866 0.8965902310462853 0.4057501621116222 0.796333869858605 0.4379788155653019 0.8060113067054328 0.4680832257691283
1 0.599016987767403 0.16313464349339685 0.5816448616088989 0.11371377731326142 0.5450250923744318 0.12658613873075858 0.5623972185329357 0.176007004910894
1 0.09849000785860648 0.9686564389892934 0.09658042752325573 0.941484071001575 0.07498602870133242 0.9430016508960731 0.07689560903668317 0.9701740188837915
1 0.5517036501393552 0.3693395951942322 0.5474854680693161 0.3168714269694784 0.5189000855917684 0.31916955080173204 0.5231182676618074 0.37163771902648585
1 0.8982880686361625 0.23117904686531712 0.8916199409437218 0.1867239146732799 0.8635022319117345 0.19094148112734546 0.8701703596041753 0.2353966133193827
1 0.7354159803332014 0.33333804958250085 0.7076873477810673 0.3281385565915196 0.6994241474310712 0.3722057851861425 0.7271527799832052 0.37740527817712377
1 0.5256947504860663 0.8925921658986175 0.4944445884640313 0.8925921658986175 0.4944445884640313 0.9456785714285715 0.5256947504860663 0.9456785714285715
1 0.756250162022035 0.5061728110599081 0.7402780298120545 0.5061728110599081 0.7402780298120545 0.5370368663594473 0.756250162022035 0.5370368663594473
1 0.9088215502733494 0.3081287898665147 0.8803623233444018 0.30512689792039677 0.8760740442904515 0.3457816279778353 0.9045332712193991 0.3487835199239533
1 0.11527802981205448 0.4580241935483871 0.09166688269604674 0.4580241935483871 0.09166688269604674 0.49135829493087557 0.11527802981205448 0.49135829493087557
1 0.32831606421186066 0.06544414164662485 0.311499197652119 0.06264125587555852 0.297797619423983 0.1448485349230967 0.31461448598372466 0.14765142069416304
1 0.4888891769280622 0.12098732718894015 0.4652780298120544 0.12098732718894015 0.4652780298120544 0.1592592165898618 0.4888891769280622 0.1592592165898618
1 0.2639819119633631 0.9164663759173217 0.2417630715083004 0.9139656432598393 0.23781860241345548 0.9490119842735643 0.2600374428685182 0.9515127169310468
1 0.9985242999095896 0.39448005012972504 0.9720900187648771 0.38787203180720486 0.9622278268772826 0.42732409448858544 0.988662108021995 0.4339321128111056
1 0.1963406680693611 0.21051829232680902 0.19228922643349475 0.17090200763420554 0.1687974669800813 0.17330444120635438 0.17284890861594765 0.21292072589895783
1 0.7964426766453353 0.3907332088318042 0.7792477506246166 0.3883148101819516 0.774807409196481 0.4198858426782581 0.7920023352171996 0.42230424132811084
1 0.735738889109314 0.6647179485009659 0.7182499563934513 0.6521975018245049 0.6060305596554402 0.8089488965375662 0.6235194923713029 0.8214693432140272
1 0.30073952929020475 0.07270024502074526 0.27492983202479365 0.06423270994295827 0.26125412019889105 0.10591732995020109 0.28706381746430215 0.11438486502798809