2 0.2951386908619573 0.8851854838709677 0.274305249513934 0.8851854838709677 0.274305249513934 0.9222223502304148 0.2951386908619573 0.9222223502304148
2 0.9180679025350192 0.5157659683208176 0.911819363707251 0.45280382566366634 0.8747254542065018 0.4564851288088163 0.8809739930342702 0.5194472714659676
2 0.5177796066618051 0.6108407962366461 0.47175789659346534 0.6086825343561306 0.4698210056756732 0.6499838393818862 0.515842715744013 0.6521421012624018
2 0.5153491176391636 0.8315936406092371 0.4867480555662155 0.8275710138286259 0.4813890158729664 0.8656740333920562 0.5099900779459146 0.8696966601726673
2 0.5847219701879457 0.7160495391705068 0.5590278677900196 0.7160495391705068 0.5590278677900197 0.7580241935483871 0.5847219701879458 0.7580241935483871
2 0.25438390675358885 0.5040764364437618 0.22969622657649796 0.5031511577306785 0.22816461042860584 0.5440167359381727 0.25285229060569675 0.5449420146512558
2 0.2252056417429848 0.29509274258097845 0.20752504198048718 0.26051837044610304 0.18595573595147233 0.271548455549779 0.20363633571396994 0.30612282768465443
2 0.17222229423201563 0.6074078341013825 0.15000000000000008 0.6074078341013825 0.15000000000000008 0.6444447004608296 0.17222229423201563 0.6444447004608296
2 0.6965275437459495 0.3407407834101383 0.6611108230719378 0.3407407834101383 0.6611108230719378 0.3975311059907835 0.6965275437459495 0.3975311059907835
2 0.37013869086195733 0.827160138248848 0.3479163966299418 0.827160138248848 0.3479163966299418 0.8654320276497696 0.37013869086195733 0.8654320276497696
2 0.7243052495139339 0.5530864055299539 0.6972222942320156 0.5530864055299539 0.6972222942320156 0.5987649769585254 0.7243052495139339 0.5987649769585254
2 0.18611082307193788 0.7234562211981568 0.16527802981205453 0.7234562211981568 0.16527802981205453 0.8037039170506913 0.18611082307193788 0.8037039170506913
2 0.6143024381674146 0.4641448488367644 0.6044941298635644 0.40684869230179144 0.5716992197924553 0.41246272661451433 0.5815075280963055 0.46975888314948727
2 0.5879914541807496 0.327651536001638 0.5558077872113504 0.32486631039495517 0.5511262811435979 0.3789617602709933 0.5833099481129971 0.3817469858776762
2 0.8436280500609155 0.7342397363590445 0.8409372944260534 0.7009547695373115 0.7856433948494831 0.7054247265799606 0.7883341504843451 0.7387096934016936
2 0.5304959020038885 0.23590794325880862 0.5062275083950836 0.22225917335090467 0.4788997832477051 0.27084963203581236 0.5031681768565102 0.28449840194371634
2 0.04043380976091934 0.3774124413650043 0.0388785288047343 0.34421743313650277 0.020400602861300396 0.34508317674866873 0.021955883817485436 0.37827818497717025
2 0.6588482360364787 0.3737230728116696 0.627588924750994 0.3720485323095705 0.624273768438641 0.43393386921123334 0.6555330797241258 0.43560840971333237
2 0.999305249513934 0.18395046082949323 0.9763888528839922 0.18395046082949323 0.9763888528839922 0.22716013824884804 0.999305249513934 0.22716013824884804
2 0.16917238527481132 0.15962770132262477 0.1679652951303245 0.13388830743467936 0.14348232531548272 0.13503647555782644 0.14468941545996955 0.16077586944577185
2 0.982949469129764 0.5437601676113708 0.9518753863572244 0.5382337063627952 0.9437025481870084 0.5841877877115654 0.974776630959548 0.5897142489601409
2 0.4420944123791767 0.06131182438414402 0.4298729584639629 0.030893740739060795 0.4101417540466505 0.038821393522566264 0.42236320796186433 0.06923947716764949
2 0.5815674307899418 0.5039339664743047 0.564755901018968 0.45909947573405885 0.5061048668589679 0.4810917765408603 0.5229163966299416 0.525926267281106
2 0.22637137302629445 0.616403895453611 0.2066625202998409 0.6153956418066826 0.20470249005333874 0.6537093613606823 0.2244113427797923 0.6547176150076106
2 0.9920757264459589 0.9078978046239614 0.9636695581894029 0.9070105542072262 0.9620908031634862 0.9575559020100439 0.9904969714200421 0.958443152426779
2 0.6778505590091374 0.8475455314918513 0.5988751446920998 0.7030945391038206 0.562330152067534 0.7230747129055017 0.6413055663845716 0.8675257052935323
2 0.22609102424517227 0.2920465869524948 0.18527863960453425 0.18574313460975186 0.16216413005325192 0.19461733609424425 0.20297651469388994 0.3009207884369872
2 0.3059261184500874 0.8107816365057167 0.2867495896741241 0.8094333470217288 0.28407536857835736 0.8474684117502465 0.3032518973543207 0.8488167012342345
2 0.532193925763488 0.920683042579965 0.5311802423510772 0.866642310450551 0.5015377946494788 0.8671983365507601 0.5025514780618895 0.921239068680174
2 0.030555411535968934 0.3950622119815668 0.011110823071937831 0.3950622119815668 0.011110823071937833 0.4234562211981567 0.03055541153596894 0.4234562211981567
2 0.3097267522590045 0.513517819014963 0.2859726099863714 0.5118475830386532 0.2836018026669278 0.545565270339037 0.3073559449395608 0.5472355063153467
2 0.11944458846403114 0.509876728110599 0.09861114711600785 0.509876728110599 0.09861114711600785 0.5395057603686636 0.11944458846403114 0.5395057603686636
2 0.33533059346123784 0.7042548833321449 0.3249387981640145 0.6633315150138014 0.29168957944173757 0.671774590179724 0.3020813747389609 0.7126979584980674
2 0.2115846496802501 0.6780837556527165 0.1919043294508975 0.6760709360774798 0.18844152696338273 0.7099284475423489 0.2081218471927353 0.7119412671175855
2 0.767253854933603 0.7557823367835532 0.7606952212411675 0.656673069846733 0.7312484780742012 0.6586217312366964 0.7378071117666369 0.7577309981735166
2 0.7541665586519769 0.7967097749795073 0.7479163966299419 0.7967097749795073 0.7479163966299419 0.841975806451613 0.7541665586519769 0.841975806451613
2 0.5916668826960467 0.25308640552995404 0.5729163966299418 0.25308640552995404 0.5729163966299418 0.28765437788018444 0.5916668826960467 0.28765437788018444
2 0.895550369567518 0.8985568185177275 0.8837275298654861 0.835401887983917 0.8358712247557223 0.8443607676669747 0.8476940644577544 0.907515698200785
2 0.8557108586747276 0.6701668000030605 0.8401340862506474 0.6286317311372396 0.8113167284686243 0.6394390184799903 0.8268935008927045 0.6809740873458112
2 0.5566905832553889 0.36298715430648887 0.5271923471409455 0.36072427859444167 0.5224806842194621 0.4221442428503875 0.5519789203339055 0.4244071185624346
2 0.5020836033700584 0.27901267281106 0.47569475048606613 0.27901267281106 0.47569475048606613 0.3246912442396314 0.5020836033700584 0.3246912442396314
2 0.7358074306802851 0.6599453197578243 0.7311148923629925 0.615047508133381 0.6976308155252212 0.6185471288920656 0.7023233538425138 0.6634449405165088
2 0.1256947504860661 0.10246889400921659 0.11319442644199611 0.10246889400921659 0.11319442644199611 0.11481451612903226 0.1256947504860661 0.11481451612903226
2 0.8099968202468266 0.6967835180194174 0.7906849900469629 0.662453847514358 0.7600885965611365 0.6796655581726183 0.7794004267610001 0.7139952286776777
2 0.2570298754595775 0.3053877459485407 0.18357208578148815 0.18567214138390212 0.14513876534250963 0.20925492142084154 0.218596555020599 0.32897052598548016
2 0.4493052495139339 0.616049539170507 0.42847245625405056 0.616049539170507 0.42847245625405056 0.6555552995391706 0.4493052495139339 0.6555552995391706
2 0.2444445884640311 0.2753087557603687 0.21666688269604667 0.2753087557603687 0.21666688269604667 0.31728341013824884 0.2444445884640311 0.31728341013824884
2 0.37430524951393396 0.4123456221198157 0.3520836033700584 0.4123456221198157 0.3520836033700584 0.4518513824884793 0.37430524951393396 0.4518513824884793
2 0.993588851555933 0.6501589384044465 0.9902405777796754 0.6065135978540506 0.9601464261717482 0.6088222855026483 0.9634946999480057 0.6524676260530442
2 0.6478409772769305 0.24400415387329316 0.62450792753834 0.23496238153089838 0.5917651945487526 0.31945774245049013 0.6150982442873432 0.3284995147928849
2 0.769816202467786 0.14954028201406838 0.7440917945223696 0.1454059800588175 0.7362140717327643 0.19442265975811485 0.7619384796781807 0.19855696171336573
2 0.9526698895236898 0.7211680887076397 0.9484962632993943 0.6803570442541109 0.9174445550801575 0.6835326116885722 0.9216181813044528 0.724343656142101
2 0.9458334413480234 0.5901232718894012 0.9055554115359689 0.5901232718894012 0.9055554115359689 0.6543214285714287 0.9458334413480234 0.6543214285714287
2 0.1555554115359689 0.18518548387096775 0.14374983797796506 0.18518548387096775 0.14374983797796506 0.21728341013824887 0.1555554115359689 0.21728341013824887
2 0.2925643643699038 0.5784415699108713 0.2682879572911715 0.575710532328719 0.2629895819191684 0.6228082062044893 0.2872659889979006 0.6255392437866416
2 0.6562501620220352 0.753086405529954 0.6270836033700585 0.753086405529954 0.6270836033700585 0.8 0.6562501620220352 0.8
2 0.09930524951393398 0.6296301843317973 0.07986130913804285 0.6296301843317973 0.07986130913804286 0.6654320276497696 0.09930524951393399 0.6654320276497696
2 0.16180557355800393 0.4975311059907835 0.14236098509397282 0.4975311059907835 0.14236098509397282 0.525926267281106 0.16180557355800393 0.525926267281106
2 0.3597219701879456 0.3456785714285714 0.3354167206740117 0.3456785714285714 0.33541672067401174 0.3876543778801843 0.35972197018794566 0.3876543778801843
2 0.08233225754139137 0.5429707831260557 0.0807930449327607 0.5046770120169674 0.06133030571904089 0.5054593140135742 0.06286951832767158 0.5437530851226626
2 0.43888917692806223 0.5481486175115208 0.41111082307193786 0.5481486175115208 0.41111082307193786 0.5839504608294932 0.43888917692806223 0.5839504608294932
2 0.9830626084006839 0.3472546879639336 0.9636693271378256 0.34626350360793723 0.961966510974578 0.3795804063546627 0.9813597922374363 0.3805715907106591
2 0.5789811428533221 0.15173128465809554 0.4953573936886313 0.05452831609001074 0.4395800392103702 0.10251359440682561 0.5232037883750611 0.19971656297491042
2 0.20486130913804285 0.5234562211981567 0.17708360337005838 0.5234562211981567 0.1770836033700584 0.5679009216589862 0.20486130913804285 0.5679009216589862
2 0.8736111471160075 0.9703698156682027 0.870574749251762 0.9541718199525361 0.8444105414065453 0.9590764356973136 0.847446939270791 0.9752744314129801
2 0.3923609850939729 0.3654320276497697 0.36736098509397286 0.3654320276497697 0.36736098509397286 0.40493778801843316 0.3923609850939729 0.40493778801843316
2 0.8348177074514986 0.5608888736109578 0.8216405734224524 0.5062284617714099 0.7892002773105897 0.5140489321158845 0.8023774113396358 0.5687093439554326
2 0.12703593766041538 0.5807340684291505 0.11000808186987839 0.5576334917356047 0.041006847750566865 0.6084955580614635 0.05803470354110387 0.6315961347550092
2 0.6034724562540505 0.11234562211981576 0.5847219701879456 0.11234562211981576 0.5847219701879456 0.1481486175115208 0.6034724562540505 0.1481486175115208
2 0.14055769491062745 0.3062208013483931 0.13834351438962642 0.2668383757884035 0.10961481764323425 0.26845357647310264 0.11182899816423526 0.3078360020330922
2 0.24513869086195733 0.3654320276497696 0.21666688269604678 0.3654320276497696 0.21666688269604678 0.411110599078341 0.24513869086195733 0.411110599078341
2 0.5842662944532127 0.06804090586058642 0.5659603330323824 0.06616864986769766 0.5621226245002291 0.10369180086885525 0.5804285859210594 0.10556405686174401
2 0.7524030564809285 0.9700774506289822 0.7485927059202578 0.9294334771103026 0.7247283864233525 0.9316707441711441 0.7285387369840232 0.9723147176898237
2 0.45555541153596907 0.9074078341013825 0.4284724562540507 0.9074078341013825 0.4284724562540507 0.9543214285714287 0.45555541153596907 0.9543214285714287
2 0.9465282896482041 0.8904321892876614 0.9276924311090673 0.8565283666037511 0.8980995297219971 0.8729692178164967 0.916935388261134 0.9068730405004072
2 0.6194445884640312 0.190123271889401 0.5993052495139339 0.190123271889401 0.5993052495139339 0.22716013824884804 0.6194445884640312 0.22716013824884804
2 0.32222229423201554 0.3086417050691245 0.3 0.3086417050691245 0.3 0.3506175115207374 0.32222229423201554 0.3506175115207374
2 0.4854167206740117 0.1913582949308756 0.456250162022035 0.1913582949308756 0.456250162022035 0.2543214285714287 0.4854167206740117 0.2543214285714287
2 0.4410545640418603 0.8608720585309051 0.4386739296112811 0.8142931221130973 0.41292020971137083 0.8156093864382266 0.41530084414195 0.8621883228560343
2 0.4664284675937763 0.6639022309781466 0.4536881179902605 0.6480455448103899 0.43289001171729485 0.6647561703601005 0.4456303613208107 0.6806128565278572
2 0.16740783728739256 0.8812351626689635 0.14839979696110522 0.8776708984643367 0.14080753982325867 0.9181600209195118 0.159815580149546 0.9217242851241385
2 0.9612720329492198 0.31363433715080563 0.9268655721332006 0.3063781771668198 0.9175534640296321 0.35053330650342146 0.9519599248456514 0.3577894664874073
2 0.6303855614498384 0.47468220894677443 0.6004607166048377 0.4662652402735853 0.586334706724663 0.5164874366908868 0.6162595515696638 0.5249044053640759
2 0.5654652678694067 0.777444254145338 0.5448917834963114 0.7658718176426189 0.5305352472307924 0.7913948761999963 0.5511087316038876 0.8029673127027154
2 0.9241926077896789 0.5311321060024883 0.893715995137998 0.5288464087750387 0.8900941364300916 0.5771388875838579 0.9205707490817725 0.5794245848113074
2 0.9700443383911294 0.1546330436004021 0.9446182183927251 0.15133316873254984 0.9402062018883196 0.18532853691115092 0.965632321886724 0.18862841177900316
2 0.5395832793259885 0.9518513824884792 0.5125003240440702 0.9518513824884792 0.5125003240440702 0.9716048387096775 0.5395832793259885 0.9716048387096775
2 0.999305249513934 0.4419758064516131 0.9722222942320154 0.4419758064516131 0.9722222942320154 0.5024688940092168 0.999305249513934 0.5024688940092168
2 0.6229519116998731 0.5775673806465094 0.6184155959947085 0.5251458625440699 0.5833147859100299 0.5281833242928877 0.5878511016151945 0.5806048423953272
2 0.9437975361735461 0.9507011501333895 0.9254131841814608 0.9180202110506844 0.9043127494075914 0.9298900602948311 0.9226971013996768 0.9625709993775361
2 0.4561152033890413 0.31716613622547596 0.45450355296574924 0.27130018593414473 0.4385511172033949 0.2718607270258616 0.44016276762668693 0.3177266773171929
2 0.14882618644599727 0.6823811560307005 0.14743944672016956 0.6527833933714354 0.1281535173632883 0.6536869942515622 0.129540257089116 0.6832847569108271
2 0.6243052495139338 0.037036866359447085 0.6027777057679844 0.037036866359447085 0.6027777057679844 0.10493778801843327 0.6243052495139338 0.10493778801843327
2 0.5138891769280622 0.32963018433179736 0.48680557355800386 0.32963018433179736 0.48680557355800386 0.37407373271889416 0.5138891769280622 0.37407373271889416
2 0.32996928696760264 0.10555165306242924 0.30586731507081755 0.104704701923797 0.30435245807983596 0.14781349410660144 0.32845442997662105 0.1486604452452337
2 0.5371079391634186 0.6483681195390167 0.4931430759794068 0.645550684881784 0.48473003736230175 0.7768325553639625 0.5286949005463135 0.7796499900211953
2 0.5729163966299418 0.21234562211981575 0.5430557355800388 0.21234562211981575 0.5430557355800388 0.2629631336405531 0.5729163966299418 0.2629631336405531
2 0.7474787713829242 0.877431480176542 0.7272016703708897 0.8269528595433258 0.6961094688327902 0.8394424977974209 0.7163865698448248 0.8899211184306373
2 0.9275581321336901 0.24901918648004098 0.9101754109377025 0.24290820387318468 0.9001406487532719 0.2714521360919233 0.9175233699492595 0.2775631186987796
2 0.7841574383107304 0.8096599417972856 0.752282746127514 0.8021052382548259 0.741810567355041 0.8462892982889688 0.7736852595382574 0.8538440018314283
2 0.5491756885584452 0.2788887128563799 0.5204325562146456 0.2755202130674292 0.5139912443510044 0.3304833987477808 0.5427343766948041 0.33385189853673153
2 0.855763601840873 0.42605237439080745 0.8172143240835263 0.4243844362955039 0.8141998807779348 0.4940540556885833 0.8527491585352814 0.4957219937838868
2 0.6866042611013428 0.49509449373249825 0.6548652701642144 0.4925440254657942 0.6503221061553544 0.5490808752613963 0.6820610970924827 0.5516313435281004
2 0.6563317129257443 0.8869866717076583 0.6296673035078513 0.874487607341942 0.6134793953759867 0.9090214730312184 0.6401438047938799 0.9215205373969348
2 0.09635351718688148 0.390738166514519 0.06866333939255255 0.3891813540169783 0.0662066235303383 0.43287762387755724 0.09389680132466723 0.43443443637509793
2 0.2000000000000001 0.5913582949308755 0.17777770576798452 0.5913582949308755 0.17777770576798452 0.6283951612903226 0.2000000000000001 0.6283951612903226
2 0.4762294401321883 0.08185149226726554 0.4550461964042797 0.08133317628151801 0.4538725306742495 0.1293001460412234 0.47505577440215807 0.12981846202697092
2 0.2186490960139001 0.930614119219101 0.19840615534497416 0.9285439328476421 0.19487894639547 0.9630341036245872 0.2151218870643959 0.965104289996046
2 0.2694641939844338 0.13098604455196433 0.26475115537355254 0.10166062778243723 0.24337822397421 0.10509558155323892 0.2480912625850912 0.13442099832276605
2 0.874305249513934 0.5518513824884794 0.8395832793259885 0.5518513824884794 0.8395832793259885 0.6111105990783412 0.874305249513934 0.6111105990783412
2 0.7733891475293058 0.8689739546373264 0.7449730995705924 0.8639206909805527 0.736502942645305 0.9115509754372452 0.7649189906040184 0.9166042390940188
2 0.28958327932598843 0.7679009216589863 0.2659721322099806 0.7679009216589863 0.2659721322099806 0.7950622119815669 0.28958327932598843 0.7950622119815669
3 0.2951386908619573 0.8851854838709677 0.274305249513934 0.8851854838709677 0.274305249513934 0.9222223502304148 0.2951386908619573 0.9222223502304148
3 0.519734656498846 0.61320156005336 0.4740786605011597 0.6062441530564798 0.46799541738084616 0.6461636983236365 0.5136514133785324 0.6531211053205166
3 0.5859778276544473 0.7162342941639521 0.5608514224326911 0.7138787072482107 0.5568660791323445 0.7563892807461097 0.5819924843541007 0.7587448676618512
3 0.2553632586957839 0.503625252919473 0.22953827679853353 0.5015501583844097 0.22617370245926266 0.5434229839041278 0.25199868435651307 0.5454980784391912
3 0.22389700136833848 0.27066133446627233 0.19553411776248733 0.26225725087418983 0.1862302229033091 0.293656901303721 0.21459310650916025 0.30206098489580346
3 0.6965275437459495 0.3407407834101383 0.6611108230719378 0.3407407834101383 0.6611108230719378 0.3975311059907835 0.6965275437459495 0.3975311059907835
3 0.7248913487807465 0.59964933831014 0.7236301164879912 0.552583454685242 0.6962029335380924 0.5533184254575196 0.6974641658308476 0.6003843090824177
3 0.5899301193210257 0.37854628718422656 0.5826254056366851 0.32335454661840457 0.5512310738089686 0.3275096358212746 0.5585357874933092 0.38270137638709667
3 0.5763888528839922 0.13209907834101392 0.5541665586519766 0.13209907834101392 0.5541665586519766 0.16543202764976966 0.5763888528839922 0.16543202764976966
3 0.04147695071021925 0.34552034233492235 0.022768439363342618 0.3421961761447312 0.016941825491034745 0.374988541359682 0.03565033683791138 0.37831270754987323
3 0.6583071634147066 0.3734396848375249 0.6265825603349063 0.372066985364232 0.6239036461810757 0.43397965442883296 0.6556282492608759 0.4353523539021259
3 0.27545000642199025 0.12033486401264035 0.2586391871820678 0.09984446723667778 0.23921618783856968 0.1157795676952359 0.25602700707849213 0.13626996447119846
3 0.9623934008990943 0.45622093391860796 0.9557423195642736 0.42075473185225043 0.9396421610685073 0.42377404199598934 0.946293242403328 0.4592402440623468
3 0.4430158989062364 0.06047742952865518 0.4300088751815923 0.030128291348967794 0.4094747049759427 0.03892881930628311 0.42248172870058676 0.0692779574859705
3 0.6104889405233067 0.46711693296003826 0.6079855210683692 0.40923105225673934 0.574981092094267 0.4106584112014251 0.5774845115492044 0.468544291904724
3 0.6774407621959823 0.8273729467021246 0.6482192018387934 0.8100559179157962 0.6240339220236322 0.8508672847267233 0.653255482380821 0.8681843135130519
3 0.9508678667568281 0.6542555366474633 0.9457318120769298 0.5877706719171141 0.8987218222497614 0.591402263546774 0.9038578769296597 0.6578871282771233
3 0.36314912630008894 0.38609835818801896 0.3572936627367261 0.34445764717864685 0.3327784179921992 0.34790494956299356 0.3386338815555622 0.3895456605723656
3 0.3081448450449199 0.09122810836646086 0.285891705961696 0.0859576368557225 0.2760169809152836 0.1276509899871628 0.2982701199985075 0.13292146149790116
3 0.3875003240440701 0.6913582949308756 0.3576390149060273 0.6913582949308756 0.3576390149060273 0.7283951612903226 0.3875003240440701 0.7283951612903226
3 0.5336396871491759 0.8668603590822757 0.504108361717389 0.8653494851074063 0.5012354039193043 0.9215039050644778 0.5307667293510911 0.9230147790393473
3 0.12083344134802339 0.5086417050691244 0.09861114711600785 0.5086417050691244 0.09861114711600785 0.5395057603686636 0.12083344134802339 0.5395057603686636
3 0.20690065815167227 0.522726262861515 0.178799219863449 0.520294494372944 0.17483681040908547 0.5660839703357202 0.20293824869730873 0.5685157388242914
3 0.7631944264419961 0.6580241935483873 0.7319442644199612 0.6580241935483873 0.7319442644199612 0.7037039170506916 0.7631944264419961 0.7037039170506916
3 0.356710257467617 0.1843363682488181 0.35278504308292474 0.14944482999360556 0.32727453313790555 0.15231470118886775 0.3311997475225978 0.18720623944408032
3 0.47569475048606613 0.08271658986175122 0.4541665586519767 0.08271658986175122 0.4541665586519767 0.1296301843317973 0.47569475048606613 0.1296301843317973
3 0.7326390149060272 0.617283410138249 0.6993052495139339 0.617283410138249 0.6993052495139339 0.6617281105990783 0.7326390149060272 0.6617281105990784
3 0.8090559141781233 0.7017152542694195 0.7953338430194734 0.6631371519526358 0.7627252754493041 0.6747358843346802 0.776447346607954 0.713313986651464
3 0.8970444747995906 0.8969363024446899 0.8824605473854626 0.8339743208778696 0.834851088626183 0.8450021327969461 0.8494350160403108 0.9079641143637665
3 0.4493052495139339 0.617283410138249 0.42847245625405056 0.617283410138249 0.42847245625405056 0.6543214285714286 0.4493052495139339 0.6543214285714286
3 0.28764083552303393 0.17847195751969064 0.2605868787086677 0.1775763813713997 0.2592533817935056 0.2178592406500129 0.2863073386078719 0.21875481679830378
3 0.3768940107364225 0.4505110170022458 0.37121822939148175 0.4101433936502722 0.349086805369069 0.41325512312981416 0.35476258671400973 0.4536227464817878
3 0.13888917692806227 0.26790092165898616 0.11111082307193783 0.26790092165898616 0.11111082307193783 0.3074078341013825 0.13888917692806227 0.3074078341013825
3 0.9945616508601518 0.651531452646307 0.9915340020481704 0.6066817419105125 0.9602602624393792 0.6087929238784533 0.9632879112513606 0.6536426346142477
3 0.4415126931820185 0.8609219554025165 0.439328767968186 0.8143059064672682 0.4130554409216175 0.8155367911668268 0.4152393661354499 0.862152840102075
3 0.8534039413773747 0.6761220467087046 0.8458447319056542 0.6290840818193721 0.8134478995996458 0.6342903963824595 0.8210071090713662 0.6813283612717919
3 0.7695838319601338 0.14970428131304447 0.7442334201912248 0.14581611742497227 0.7367281160848617 0.1947498956874743 0.7620785278537706 0.19863805957554653
3 0.9520189058858243 0.7218624129681361 0.9503664904334663 0.6807139055265051 0.9176315248458202 0.682028455344531 0.9192839402981783 0.7231769627861622
3 0.6555554115359692 0.7543214285714286 0.6263888528839925 0.7543214285714286 0.6263888528839925 0.8 0.6555554115359692 0.8
3 0.1589685604950495 0.2194359967516184 0.1522478708118641 0.1835921118962339 0.1399487454711951 0.1858981846091313 0.14666943515438047 0.2217420694645158
3 0.033158229009852394 0.4210771727996924 0.028926958061161894 0.3935006601941685 0.008078915106881935 0.3966995316305744 0.012310186055572436 0.4242760442360983
3 0.32916655865197664 0.10370391705069129 0.30347245625405056 0.10370391705069129 0.30347245625405056 0.14814861751152078 0.32916655865197664 0.14814861751152078
3 0.331935770849103 0.7085489656089307 0.326970033199086 0.6644287225844331 0.29418973721651887 0.6681181480902934 0.2991554748665358 0.7122383911147908
3 0.5483491296107835 0.27887950700249386 0.5186782222528519 0.27670229089403164 0.5146800577561489 0.33118892082588036 0.5443509651140805 0.33336613693434264
3 0.08334819123215623 0.5421477694936192 0.08027790570647071 0.5039552512862926 0.06007068237562261 0.5055797041430068 0.06314096790130813 0.5437722223503334
3 0.39297813295317435 0.4045180509835976 0.3911112259002771 0.3647090473179004 0.3666282560854353 0.36585721544104743 0.3684951631383325 0.4056662191067447
3 0.43888917692806223 0.5493824884792626 0.4104167206740117 0.5493824884792626 0.4104167206740117 0.5851854838709677 0.43888917692806223 0.5851854838709677
3 0.9812501620220349 0.34691359447004616 0.9625003240440699 0.34691359447004616 0.9625003240440699 0.38024654377880196 0.9812501620220349 0.38024654377880196
3 0.19531380933843306 0.3855170217391976 0.19364007325484484 0.3349560685355488 0.15785388693818203 0.3361407105871129 0.15952762302177023 0.38670166379076176
3 0.8736111471160077 0.9703698156682027 0.8705717764308185 0.9541710859791662 0.8437387303880033 0.9592057754333687 0.8467781010731926 0.9754045051224051
3 0.5034016437180922 0.32553889706043165 0.5013674604760425 0.2785030364715394 0.475134495623643 0.27963754654159934 0.4771686788656927 0.32667340713049153
3 0.8284724562540505 0.5086417050691245 0.7951386908619572 0.5086417050691245 0.7951386908619572 0.5654320276497697 0.8284724562540505 0.5654320276497697
3 0.6069268890628624 0.14650085108527008 0.6006367230687013 0.110158982216089 0.5805643050330417 0.1136331800291674 0.5868544710272027 0.1499750488983485
3 0.2538407039228063 0.40651638117802086 0.23984266728931103 0.36227398409293465 0.21218635986851334 0.37102427860521 0.22618439650200858 0.41526667569029607
3 0.22636616671953477 0.6538118481836388 0.2246646710850248 0.6144686317992756 0.2043504279137882 0.6153471719708913 0.20605192354829818 0.6546903883552544
3 0.5931472673676372 0.28697470281112547 0.5913961633210378 0.2527449711674296 0.5723172907428502 0.2537209966684175 0.5740683947894497 0.2879507283121134
3 0.5819442644199612 0.0666670506912443 0.5631944264419961 0.0666670506912443 0.5631944264419961 0.10370391705069133 0.5819442644199612 0.10370391705069133
3 0.7529262960691474 0.9708890985720661 0.7494340739964425 0.9295053547294081 0.725300036130772 0.9315419375010983 0.7287922582034769 0.9729256813437562
3 0.45555541153596907 0.9086417050691245 0.42777770576798463 0.9086417050691245 0.42777770576798463 0.9543214285714287 0.45555541153596907 0.9543214285714287
3 0.9477823201999442 0.8822194008821928 0.9244877767305691 0.8560111523644771 0.8972127525295684 0.8802538726076472 0.9205072959989435 0.9064621211253631
3 0.6194445884640312 0.190123271889401 0.5993052495139339 0.190123271889401 0.5993052495139339 0.22716013824884804 0.6194445884640312 0.22716013824884804
3 0.32683598792804247 0.347738206074027 0.32070921615671033 0.30688964916226036 0.29666722334267037 0.3104956468776215 0.3027939951140025 0.35134420378938813
3 0.48611082307193776 0.19259216589861755 0.4555554115359689 0.19259216589861755 0.4555554115359689 0.2543214285714287 0.48611082307193776 0.2543214285714287
3 0.5306100037946277 0.23444935173035136 0.5053952675793922 0.2228448819267149 0.4817139043491019 0.27430085856097963 0.5069286405643374 0.28590532836461613
3 0.5156989449798981 0.8318258889817887 0.48670945923150705 0.8273778149769534 0.48092443602097273 0.8650806157247801 0.5099139217693638 0.8695286897296157
3 0.24594060960927341 0.31653919620304016 0.24324900380137157 0.27345426651847665 0.21550243184078527 0.2751876529899239 0.21819403764868706 0.31827258267448744
3 0.16984544273400734 0.15707097381700097 0.16708373371866048 0.133777520634606 0.1416713377368454 0.1367904548927857 0.1444330467521923 0.1600839080751807
3 0.9923211311117006 0.9092905749569763 0.9636526562482546 0.9074979230301349 0.9606130577692662 0.9561078351302392 0.9892815326327122 0.9579004870570806
3 0.6279439319067781 0.47457342554909554 0.5980920197099435 0.46794324026889156 0.5869867472465425 0.5179438970362346 0.616838659443377 0.5245740823164387
3 0.9249034331329448 0.5767422394015426 0.9205119104952214 0.5299172687031836 0.888501825062154 0.5329193637972804 0.8928933476998774 0.5797443344956394
3 0.3123697319092421 0.08078795187420815 0.3050837309022458 0.04192905591827867 0.27936739214735895 0.04675084164983582 0.2866533931543553 0.08560973760576529
3 0.5399520929367544 0.9702878247473938 0.5355385733333242 0.9504348204748233 0.5088225867982776 0.9563740490509393 0.5132361064017078 0.9762270533235098
3 0.999305249513934 0.44074078341013845 0.9722222942320154 0.44074078341013845 0.9722222942320154 0.5061728110599081 0.999305249513934 0.5061728110599081
3 0.6227110448238424 0.5776899162271752 0.6184145977506473 0.524223305213733 0.5833236222931288 0.5270431308197006 0.587620069366324 0.580509741833143
3 0.9438046714040882 0.9515881598451612 0.9261379160799995 0.9170408604777242 0.9039683061453939 0.9283779282519518 0.9216350614694825 0.9629252276193888
3 0.5174963809172876 0.3705921702429866 0.5102863782277047 0.3257301711723088 0.4838845324253601 0.3299733476510243 0.49109453511494294 0.3748353467217021
3 0.19956795955515455 0.2194705565953397 0.18569322370425148 0.18555266175032956 0.1627630065206445 0.1949326868928154 0.17663774237154756 0.22885058173782552
3 0.5559830415374231 0.3625346387707583 0.526517447325927 0.36079005402868825 0.5228657428466913 0.4224664173320802 0.5523313370581874 0.4242110020741502
3 0.5659659090845505 0.7777880848684117 0.5448651955253314 0.765919085752955 0.5302014344977329 0.7919883286717836 0.551302148056952 0.8038573277872402
3 0.5322622764554823 0.7770870258998076 0.5257836328845731 0.6438175014375629 0.48310341108620725 0.6458923189599838 0.48958205465711646 0.7791618434222285
3 0.5729163966299418 0.21111059907834112 0.5423609850939728 0.21111059907834112 0.5423609850939728 0.2629631336405531 0.5729163966299418 0.2629631336405531
3 0.7469999151737243 0.8805700603381904 0.730551528573014 0.8262659588002187 0.699333995568819 0.835721562281926 0.7157823821695295 0.8900256638198979
3 0.7820027412954691 0.8091456437459066 0.7516023551176179 0.8037440415538623 0.7435859092404383 0.8488608498221637 0.7739862954182894 0.8542624520142083
3 0.550618738674493 0.1603459602051088 0.4848768480398732 0.08065937505988922 0.44865271465547674 0.1105444932507487 0.5143946052900965 0.19023107839596826
3 0.6312321807673482 0.2371910141659999 0.607227207344385 0.2344917723694624 0.597122710142245 0.32435337243097495 0.6211276835652083 0.3270526142275125
3 0.8534724562540505 0.4246912442396315 0.8159721322099805 0.4246912442396315 0.8159721322099805 0.49382718894009237 0.8534724562540505 0.49382718894009237
3 0.6864641262139843 0.49373999682588393 0.6540723945214679 0.49146255486965673 0.6500093237297123 0.5492510304768559 0.6824010554222286 0.551528472433083
3 0.6553535451670611 0.8837918199398643 0.6247172923343818 0.8780483002424961 0.6179624181886625 0.9140791738331295 0.6485986710213417 0.9198226935304976
3 0.9159988907094874 0.5157199787382183 0.9141630218553798 0.45367630749071897 0.876622512523468 0.4547871291178735 0.8784583813775756 0.5168308003653729
3 0.39886465108700353 0.07407482899730591 0.3950107049293305 0.03641049031920361 0.3724560634046351 0.03871835970155732 0.37631000956230815 0.07638269837965964
3 0.875 0.5518513824884794 0.8388891769280622 0.5518513824884794 0.8388891769280622 0.6123456221198158 0.875 0.6123456221198158
3 0.7715275437459497 0.8679009216589861 0.7409721322099807 0.8679009216589861 0.7409721322099807 0.9135806451612904 0.7715275437459497 0.9135806451612904
3 0.28958327932598843 0.7679009216589863 0.2659721322099806 0.7679009216589863 0.2659721322099806 0.7938271889400922 0.28958327932598843 0.7938271889400922
3 0.19507998333048318 0.22313968068756562 0.18840598528841107 0.1875475874424595 0.16537291176376293 0.19186659971711803 0.17204690980583504 0.22745869296222415
1 0.9159940636576591 0.5169572461516199 0.9145128569566511 0.45378575010434696 0.8774671088513669 0.454654376205846 0.878948315552375 0.5178258722531189
1 0.5188301684286379 0.6126444720004971 0.47267757986733583 0.6078185375023131 0.4685236889649701 0.6475440700012651 0.5146762775262722 0.652370004499449
1 0.5131944264419963 0.8296301843317974 0.4833331173039535 0.8296301843317974 0.4833331173039535 0.8666670506912443 0.5131944264419963 0.8666670506912443
1 0.5857492239178631 0.7159331759766594 0.5605207156161154 0.7140410781855748 0.5573214896589493 0.7566983335345532 0.5825499979606972 0.7585904313256377
1 0.2254231274328713 0.2952168791853663 0.20856110642015907 0.2609537213087031 0.18584995361510548 0.2721306226673069 0.2027119746278177 0.3063937805439701
1 0.20759005828098168 0.5215066537454359 0.1790218249461637 0.5188283973034407 0.17452919887865584 0.5667500181647461 0.20309743221347382 0.5694282746067414
1 0.7013003273595885 0.3913998673319744 0.6883501915929755 0.337689427279721 0.6531912983243319 0.34616659560658314 0.6661414340909448 0.3998770356588365
1 0.7243052495139339 0.5530864055299539 0.6951386908619572 0.5530864055299539 0.6951386908619572 0.6 0.7243052495139339 0.6
1 0.5861108230719378 0.3259262672811061 0.5527777057679845 0.3259262672811061 0.5527777057679845 0.38148156682027656 0.5861108230719378 0.38148156682027656
1 0.8909232667640712 0.7329957172289812 0.8836856681905978 0.6905870492791892 0.7855672661541251 0.707332248808951 0.7928048647275986 0.7497409167587428
1 0.5306714727947097 0.2345674742325135 0.5056205272603688 0.22282472847172935 0.4814658163273996 0.27435427363145964 0.5065167618617405 0.2860970193922438
1 0.6775383784313227 0.4027485194532419 0.6062438662799879 0.3298707188064417 0.5683673088972568 0.3669243984812881 0.6396618210485915 0.4398021991280883
1 0.7609921751000995 0.132863601939871 0.758602736609059 0.07336568698646027 0.7276510427755365 0.07460870816907879 0.7300404812665772 0.1341066231224895
1 0.2686900210854446 0.13145331371278615 0.2659167628972764 0.10188781934854943 0.24400312235719895 0.10394332981327063 0.24677638054536719 0.13350882417750737
1 0.4422131412220674 0.06210101620778805 0.42941265971797404 0.030241785727513303 0.40925405441693474 0.03834116070971931 0.42205453592102815 0.07020039118999406
1 0.6144661702689398 0.46359671742599107 0.6034031621366813 0.4067802119541831 0.5708244962449567 0.4131237567164903 0.5818875043772151 0.46994026218829826
1 0.6793358918983018 0.8382379664422042 0.6545635847256671 0.8102140687144015 0.6209819540781834 0.8398992494782505 0.645754261250818 0.8679231472060529
1 0.9579059787541817 0.6503318908442717 0.9389200425627611 0.5828259509484932 0.8922634251720301 0.5959480489750604 0.9112493613634507 0.6634539888708388
1 0.3597219701879456 0.34691359447004605 0.3354167206740117 0.34691359447004605 0.33541672067401174 0.3876543778801843 0.35972197018794566 0.3876543778801843
1 0.3042253396925256 0.09063020944789685 0.2818495261493097 0.08883226323496793 0.27855236644875964 0.12986609959291323 0.3009281799919755 0.13166404580584218
1 0.3938418510879763 0.7009643603598429 0.37014954316697646 0.6861563693809145 0.34960204616855683 0.7190317018000871 0.3732943540895567 0.7338396927790154
1 0.5402780298120546 0.9518513824884792 0.511805573558004 0.9518513824884792 0.511805573558004 0.9716048387096775 0.5402780298120546 0.9716048387096775
1 0.2484674449729051 0.42162601699439134 0.22242458988692176 0.41576649950024996 0.21158120009105508 0.4639603703056423 0.2376240551770384 0.4698198877997837
1 0.40045732752494645 0.37357327074683516 0.3748766150188258 0.36310901196774 0.360699468534088 0.3977661736491521 0.38628018104020867 0.40823043242824725
1 0.8587426868238144 0.6676824663358139 0.8371087014021011 0.627122131649614 0.804317274849389 0.6446123533030343 0.825951260271102 0.6851726879892344
1 0.8084532855412505 0.6703940541403883 0.7720067184362248 0.6667767965079244 0.7680365785521198 0.7067789153516986 0.8044831456571455 0.7103961729841626
1 0.45 0.617283410138249 0.42847245625405056 0.617283410138249 0.42847245625405056 0.6555552995391706 0.45 0.6555552995391706
1 0.3750867086481036 0.45154084814409634 0.37348229903579155 0.4116250534614136 0.35114785859246694 0.41252278307490986 0.352752268204779 0.4524385777575926
1 0.13888917692806227 0.26790092165898616 0.11111082307193783 0.26790092165898616 0.11111082307193783 0.3074078341013825 0.13888917692806227 0.3074078341013825
1 0.9696124047953477 0.857260087528271 0.9509161488473838 0.8362240580357423 0.927241984918225 0.857265016755201 0.9459382408661888 0.8783010462477296
1 0.7756054907731225 0.18997787285296694 0.7606041228376174 0.1446399366650637 0.7342420539862963 0.15336258986967302 0.7492434219218015 0.19870052605757627
1 0.9619901685151753 0.7052360845823958 0.9358659310906786 0.6771831425450177 0.9095467415637228 0.7016928269519648 0.9356709789882197 0.729745768989343
1 0.9459122444933413 0.6488814944322219 0.9341778542926414 0.6002133358288708 0.9024874342476297 0.6078542198299074 0.9142218244483296 0.6565223784332584
1 0.1555554115359689 0.18518548387096775 0.14374983797796506 0.18518548387096775 0.14374983797796506 0.21975345622119818 0.1555554115359689 0.21975345622119818
1 0.7749237509627135 0.5189830526057624 0.7351072681925408 0.5182609373247986 0.7336334222511802 0.5995268557689531 0.7734499050213529 0.6002489710499168
1 0.3083331173039534 0.511110599078341 0.2833331173039534 0.511110599078341 0.2833331173039534 0.5469135944700462 0.3083331173039534 0.5469135944700462
1 0.6562501620220352 0.7543214285714286 0.6263888528839925 0.7543214285714286 0.6263888528839925 0.8 0.6562501620220352 0.8
1 0.3323073421227325 0.7088004704677646 0.32814448149235204 0.6644205302834323 0.2945281260642035 0.6675737612694921 0.29869098669458405 0.7119537014538244
1 0.5030098917620996 0.3242842982215347 0.49977287822294214 0.2782474020953474 0.47489586972795256 0.2799965906829379 0.4781328832671101 0.32603348680912525
1 0.9260539676296485 0.5769984527719865 0.9218743356011998 0.5286987597432569 0.8891071112807735 0.5315342837738455 0.8932867433092222 0.5798339768025751
1 0.43888917692806223 0.5493824884792626 0.41111082307193786 0.5493824884792626 0.41111082307193786 0.5851854838709677 0.43888917692806223 0.5851854838709677
1 0.9822952595448202 0.3474393356382933 0.9635804247832122 0.3466299658771542 0.9621376607771298 0.379990601856223 0.9808524955387379 0.38079997161736207
1 0.5746858966241011 0.17813444858056796 0.5220620706141528 0.1001739883324353 0.4628091928204673 0.14017007252279673 0.5154330188304156 0.2181305327709294
1 0.8736111471160075 0.9703698156682027 0.8699840287482846 0.9540466076672518 0.8442973935408944 0.9597543378119816 0.8479245119086174 0.9760775458129327
1 0.549207402089968 0.2786909280929236 0.5191948501214797 0.27547542322248053 0.5133575603926369 0.3299589237615036 0.5433701123611252 0.33317442863194663
1 0.8309602789990859 0.5106511912613857 0.7968007740428339 0.5080892829987479 0.7925043799277487 0.5653757589466245 0.8266638848840007 0.5679376672092623
1 0.6061533185409665 0.11305119076241368 0.5862337426337272 0.11024849145816598 0.5810073144753741 0.14739419319872188 0.6009268903826135 0.15019689250296958
1 0.5923609850939728 0.25308640552995404 0.5729163966299418 0.25308640552995404 0.5729163966299418 0.28765437788018444 0.5923609850939728 0.28765437788018444
1 0.25216087517395097 0.4081415779023125 0.2410529259062948 0.3620644051024807 0.21264444287276554 0.3689129153111771 0.22375239214042172 0.41499008811100885
1 0.5929625508487854 0.25368558088088455 0.5741350356900864 0.25272241417175023 0.5723839316434869 0.2869521458154461 0.5912114468021858 0.28791531252458047
1 0.5871941777337838 0.10159117474397747 0.5794377539374032 0.06367200254758368 0.5596228914081054 0.06772516252819297 0.5673793152044861 0.10564433472458676
1 0.7708334413480235 0.8666670506912443 0.7409721322099807 0.8666670506912443 0.7409721322099807 0.9135806451612904 0.7708334413480235 0.9135806451612904
1 0.45555541153596907 0.9086417050691245 0.4284724562540507 0.9086417050691245 0.4284724562540507 0.9543214285714287 0.45555541153596907 0.9543214285714287
1 0.9375572997845263 0.8612187683242709 0.9086178587500493 0.8579631506039338 0.9038696957916225 0.9001699432193933 0.9328091368260993 0.9034255609397304
1 0.6194445884640312 0.190123271889401 0.5993052495139339 0.190123271889401 0.5993052495139339 0.22716013824884804 0.6194445884640312 0.22716013824884804
1 0.32440760778245725 0.3102007284083862 0.30122906279540623 0.30759319767890275 0.29651217184358264 0.34952201097711366 0.31969071683063366 0.3521295417065971
1 0.4854167206740117 0.19012327188940098 0.4555554115359689 0.19012327188940098 0.4555554115359689 0.2543214285714287 0.4854167206740117 0.2543214285714287
1 0.4449280687195044 0.8570880751838142 0.43508212067726076 0.8133273733334235 0.4091715699331222 0.8191571229851746 0.4190175179753659 0.8629178248355653
1 0.24800142162862748 0.2771762041647202 0.22076239302886966 0.27334566336851907 0.21496063515652458 0.3146020438697796 0.24219966375628238 0.3184325846659808
1 0.19831389457410742 0.34012145088274426 0.16098419537176922 0.33412200285934834 0.15295026251365768 0.3841106511209141 0.19027996171599587 0.39011009914431
1 0.168749837977965 0.13580299539170507 0.143749837977965 0.13580299539170507 0.143749837977965 0.15925921658986175 0.168749837977965 0.15925921658986175
1 0.999305249513934 0.841975806451613 0.9701386908619571 0.841975806451613 0.9701386908619571 0.8962960829493088 0.999305249513934 0.8962960829493088
1 0.6275743461822139 0.4743077659740275 0.5967577464315361 0.4682241304422073 0.5868015361601183 0.5186572218664182 0.6176181359107961 0.5247408573982384
1 0.9777777057679845 0.5370368663594473 0.9472222942320156 0.5370368663594473 0.9472222942320156 0.5913582949308758 0.9777777057679845 0.5913582949308758
1 0.31066991340067573 0.0829501622122852 0.30689586351712916 0.04269339814749802 0.2813108441192678 0.04509197989449678 0.28508489400281434 0.08534874395928396
1 0.6334199886766411 0.27365549398222877 0.6333331173039534 0.24074078341013827 0.6256850280607267 0.24076096891380666 0.6257718994334145 0.2736756794858971
1 0.6244949658214987 0.2792375133010424 0.603425963957247 0.2765012197661504 0.5973986658122761 0.3229104058543686 0.6184676676765277 0.3256466993892606
1 0.999305249513934 0.44074078341013845 0.9722222942320154 0.44074078341013845 0.9722222942320154 0.5049377880184334 0.999305249513934 0.5049377880184334
1 0.8917173694947985 0.9020170929866669 0.888364212718804 0.8397960321630169 0.8388407001335443 0.8424649050430049 0.8421938569095389 0.9046859658666548
1 0.6220034803481289 0.5779846477853705 0.618668699022108 0.5246292222332369 0.5844661464114705 0.5267669248673723 0.5878009277374915 0.5801223504195059
1 0.9999506691811402 0.9179290202429164 0.9728643588252683 0.9042175788636179 0.9510517405241682 0.9473073848609499 0.9781380508800399 0.9610188262402485
1 0.5138891769280622 0.3283951612903227 0.48680557355800386 0.3283951612903227 0.48680557355800386 0.37407373271889416 0.5138891769280622 0.37407373271889416
1 0.8147795401206445 0.7376951007172016 0.8125912469997829 0.7026994468538164 0.7853824240905105 0.704400826123126 0.7875707172113722 0.7393964799865114
1 0.5534724562540505 0.3617281105990785 0.5229163966299417 0.3617281105990785 0.5229163966299417 0.4234562211981567 0.5534724562540505 0.4234562211981567
1 0.33252339714773493 0.1462455569255708 0.32495941699710673 0.10254100149292941 0.29949320216270664 0.10694845837270286 0.30705718231333484 0.15065301380534427
1 0.5651706381708529 0.7768431767913151 0.5451786712779662 0.766400513420618 0.5314420299937082 0.7926986394853683 0.5514339968865949 0.8031413028560654
1 0.5395613757634626 0.7775077337427407 0.5285620995293122 0.6406292857930004 0.4804602741200979 0.6444946515461034 0.49145955035424826 0.7813730994958438
1 0.5795537361058776 0.21516775562878515 0.5493913281139547 0.20870463513812196 0.5383236621608951 0.26035576193929355 0.5684860701528179 0.26681888242995677
1 0.7508793353214058 0.8718513992738715 0.7236111471160076 0.8283951612903226 0.6923518042326028 0.8480099665397889 0.719619992438001 0.8914662045233376
1 0.7791665586519768 0.8037039170506913 0.7472222942320157 0.8037039170506913 0.7472222942320157 0.8518513824884794 0.7791665586519768 0.8518513824884794
1 0.5347219701879455 0.12345622119815673 0.4958334413480234 0.12345622119815673 0.4958334413480234 0.19012327188940098 0.5347219701879455 0.19012327188940098
1 0.855628634811656 0.4265458241835535 0.8168753088442523 0.4242513358829977 0.8128205009083873 0.49273601442144477 0.8515738268757909 0.4950305027220006
1 0.6868420271375232 0.4946791819645385 0.6550609995562361 0.4916993416017646 0.6496618131615897 0.5492835309658681 0.6814428407428768 0.552263371328642
1 0.6553779682131667 0.8836615460564514 0.6247417153804874 0.8779180263590831 0.6179624181886625 0.9140791738331295 0.6485986710213417 0.9198226935304976
1 0.3988190543672671 0.07332667834867004 0.3962345084932821 0.03656919541118072 0.37412154039776185 0.03812403474960965 0.37670608627174684 0.07488151768709898
1 0.47569475048606613 0.08148156682027656 0.4541665586519767 0.08148156682027656 0.4541665586519767 0.1296301843317973 0.47569475048606613 0.1296301843317973
1 0.993393262326066 0.6534498076486793 0.9916727946062462 0.6075482712146446 0.9602810094243759 0.6087248887588207 0.9620014771441958 0.6546264251928554
1 0.8762543572603494 0.6104857253478014 0.8736781793616766 0.5509174711269914 0.8379545421352134 0.552462429022549 0.8405307200338863 0.6120306832433591
1 0.37360684700478625 0.08100869881675368 0.3545346295955591 0.04614229365174623 0.2944590781388657 0.07900412649453059 0.3135312955480928 0.11387053165953805